 Data_Period = 20180101 -- 20180131
      Hour        SIN_mg/cm3/h              STP_oC                 SWC             SWP_MPa                  pH
2018010101            2.700000           25.000000         -999.000000           -0.000726            7.200000
2018010102            0.000000           25.000000         -999.000000           -0.000726            7.200000
2018010103            0.000000           25.000000         -999.000000           -0.000726            7.200000
2018010104            0.000000           25.000000         -999.000000           -0.000726            7.200000
2018010105            0.000000           25.000000         -999.000000           -0.000726            7.200000
2018010106            0.000000           25.000000         -999.000000           -0.000726            7.200000
2018010107            0.000000           25.000000         -999.000000           -0.000726            7.200000
2018010108            0.000000           25.000000         -999.000000           -0.000726            7.200000
2018010109            0.000000           25.000000         -999.000000           -0.000726            7.200000
2018010110            0.000000           25.000000         -999.000000           -0.000726            7.200000
2018010111            0.000000           25.000000         -999.000000           -0.000726            7.200000
2018010112            0.000000           25.000000         -999.000000           -0.000726            7.200000
2018010113            0.000000           25.000000         -999.000000           -0.000726            7.200000
2018010114            0.000000           25.000000         -999.000000           -0.000726            7.200000
2018010115            0.000000           25.000000         -999.000000           -0.000726            7.200000
2018010116            0.000000           25.000000         -999.000000           -0.000726            7.200000
2018010117            0.000000           25.000000         -999.000000           -0.000726            7.200000
2018010118            0.000000           25.000000         -999.000000           -0.000726            7.200000
2018010119            0.000000           25.000000         -999.000000           -0.000726            7.200000
2018010120            0.000000           25.000000         -999.000000           -0.000726            7.200000
2018010121            0.000000           25.000000         -999.000000           -0.000726            7.200000
2018010122            0.000000           25.000000         -999.000000           -0.000726            7.200000
2018010123            0.000000           25.000000         -999.000000           -0.000726            7.200000
2018010124            0.000000           25.000000         -999.000000           -0.000726            7.200000
2018010201            0.000000           25.000000         -999.000000           -0.000726            7.200000
2018010202            0.000000           25.000000         -999.000000           -0.000726            7.200000
2018010203            0.000000           25.000000         -999.000000           -0.000726            7.200000
2018010204            0.000000           25.000000         -999.000000           -0.000726            7.200000
2018010205            0.000000           25.000000         -999.000000           -0.000726            7.200000
2018010206            0.000000           25.000000         -999.000000           -0.000726            7.200000
2018010207            0.000000           25.000000         -999.000000           -0.000726            7.200000
2018010208            0.000000           25.000000         -999.000000           -0.000726            7.200000
2018010209            0.000000           25.000000         -999.000000           -0.000726            7.200000
2018010210            0.000000           25.000000         -999.000000           -0.000726            7.200000
2018010211            0.000000           25.000000         -999.000000           -0.000726            7.200000
2018010212            0.000000           25.000000         -999.000000           -0.000726            7.200000
2018010213            0.000000           25.000000         -999.000000           -0.000726            7.200000
2018010214            0.000000           25.000000         -999.000000           -0.000726            7.200000
2018010215            0.000000           25.000000         -999.000000           -0.000726            7.200000
2018010216            0.000000           25.000000         -999.000000           -0.000726            7.200000
2018010217            0.000000           25.000000         -999.000000           -0.000726            7.200000
2018010218            0.000000           25.000000         -999.000000           -0.000726            7.200000
2018010219            0.000000           25.000000         -999.000000           -0.000726            7.200000
2018010220            0.000000           25.000000         -999.000000           -0.000726            7.200000
2018010221            0.000000           25.000000         -999.000000           -0.000726            7.200000
2018010222            0.000000           25.000000         -999.000000           -0.000726            7.200000
2018010223            0.000000           25.000000         -999.000000           -0.000726            7.200000
2018010224            0.000000           25.000000         -999.000000           -0.000726            7.200000
2018010301            0.000000           25.000000         -999.000000           -0.000726            7.200000
2018010302            0.000000           25.000000         -999.000000           -0.000726            7.200000
2018010303            0.000000           25.000000         -999.000000           -0.000726            7.200000
2018010304            0.000000           25.000000         -999.000000           -0.000726            7.200000
2018010305            0.000000           25.000000         -999.000000           -0.000726            7.200000
2018010306            0.000000           25.000000         -999.000000           -0.000726            7.200000
2018010307            0.000000           25.000000         -999.000000           -0.000726            7.200000
2018010308            0.000000           25.000000         -999.000000           -0.000726            7.200000
2018010309            0.000000           25.000000         -999.000000           -0.000726            7.200000
2018010310            0.000000           25.000000         -999.000000           -0.000726            7.200000
2018010311            0.000000           25.000000         -999.000000           -0.000726            7.200000
2018010312            0.000000           25.000000         -999.000000           -0.000726            7.200000
2018010313            0.000000           25.000000         -999.000000           -0.000726            7.200000
2018010314            0.000000           25.000000         -999.000000           -0.000726            7.200000
2018010315            0.000000           25.000000         -999.000000           -0.000726            7.200000
2018010316            0.000000           25.000000         -999.000000           -0.000726            7.200000
2018010317            0.000000           25.000000         -999.000000           -0.000726            7.200000
2018010318            0.000000           25.000000         -999.000000           -0.000726            7.200000
2018010319            0.000000           25.000000         -999.000000           -0.000726            7.200000
2018010320            0.000000           25.000000         -999.000000           -0.000726            7.200000
2018010321            0.000000           25.000000         -999.000000           -0.000726            7.200000
2018010322            0.000000           25.000000         -999.000000           -0.000726            7.200000
2018010323            0.000000           25.000000         -999.000000           -0.000726            7.200000
2018010324            0.000000           25.000000         -999.000000           -0.000726            7.200000
2018010401            0.000000           25.000000         -999.000000           -0.000726            7.200000
2018010402            0.000000           25.000000         -999.000000           -0.000726            7.200000
2018010403            0.000000           25.000000         -999.000000           -0.000726            7.200000
2018010404            0.000000           25.000000         -999.000000           -0.000726            7.200000
2018010405            0.000000           25.000000         -999.000000           -0.000726            7.200000
2018010406            0.000000           25.000000         -999.000000           -0.000726            7.200000
2018010407            0.000000           25.000000         -999.000000           -0.000726            7.200000
2018010408            0.000000           25.000000         -999.000000           -0.000726            7.200000
2018010409            0.000000           25.000000         -999.000000           -0.000726            7.200000
2018010410            0.000000           25.000000         -999.000000           -0.000726            7.200000
2018010411            0.000000           25.000000         -999.000000           -0.000726            7.200000
2018010412            0.000000           25.000000         -999.000000           -0.000726            7.200000
2018010413            0.000000           25.000000         -999.000000           -0.000726            7.200000
2018010414            0.000000           25.000000         -999.000000           -0.000726            7.200000
2018010415            0.000000           25.000000         -999.000000           -0.000726            7.200000
2018010416            0.000000           25.000000         -999.000000           -0.000726            7.200000
2018010417            0.000000           25.000000         -999.000000           -0.000726            7.200000
2018010418            0.000000           25.000000         -999.000000           -0.000726            7.200000
2018010419            0.000000           25.000000         -999.000000           -0.000726            7.200000
2018010420            0.000000           25.000000         -999.000000           -0.000726            7.200000
2018010421            0.000000           25.000000         -999.000000           -0.000726            7.200000
2018010422            0.000000           25.000000         -999.000000           -0.000726            7.200000
2018010423            0.000000           25.000000         -999.000000           -0.000726            7.200000
2018010424            0.000000           25.000000         -999.000000           -0.000726            7.200000
2018010501            0.000000           25.000000         -999.000000           -0.000726            7.200000
2018010502            0.000000           25.000000         -999.000000           -0.000726            7.200000
2018010503            0.000000           25.000000         -999.000000           -0.000726            7.200000
2018010504            0.000000           25.000000         -999.000000           -0.000726            7.200000
2018010505            0.000000           25.000000         -999.000000           -0.000726            7.200000
2018010506            0.000000           25.000000         -999.000000           -0.000726            7.200000
2018010507            0.000000           25.000000         -999.000000           -0.000726            7.200000
2018010508            0.000000           25.000000         -999.000000           -0.000726            7.200000
2018010509            0.000000           25.000000         -999.000000           -0.000726            7.200000
2018010510            0.000000           25.000000         -999.000000           -0.000726            7.200000
2018010511            0.000000           25.000000         -999.000000           -0.000726            7.200000
2018010512            0.000000           25.000000         -999.000000           -0.000726            7.200000
2018010513            0.000000           25.000000         -999.000000           -0.000726            7.200000
2018010514            0.000000           25.000000         -999.000000           -0.000726            7.200000
2018010515            0.000000           25.000000         -999.000000           -0.000726            7.200000
2018010516            0.000000           25.000000         -999.000000           -0.000726            7.200000
2018010517            0.000000           25.000000         -999.000000           -0.000726            7.200000
2018010518            0.000000           25.000000         -999.000000           -0.000726            7.200000
2018010519            0.000000           25.000000         -999.000000           -0.000726            7.200000
2018010520            0.000000           25.000000         -999.000000           -0.000726            7.200000
2018010521            0.000000           25.000000         -999.000000           -0.000726            7.200000
2018010522            0.000000           25.000000         -999.000000           -0.000726            7.200000
2018010523            0.000000           25.000000         -999.000000           -0.000726            7.200000
2018010524            0.000000           25.000000         -999.000000           -0.000726            7.200000
2018010601            0.000000           25.000000         -999.000000           -0.000726            7.200000
2018010602            0.000000           25.000000         -999.000000           -0.000726            7.200000
2018010603            0.000000           25.000000         -999.000000           -0.000726            7.200000
2018010604            0.000000           25.000000         -999.000000           -0.000726            7.200000
2018010605            0.000000           25.000000         -999.000000           -0.000726            7.200000
2018010606            0.000000           25.000000         -999.000000           -0.000726            7.200000
2018010607            0.000000           25.000000         -999.000000           -0.000726            7.200000
2018010608            0.000000           25.000000         -999.000000           -0.000726            7.200000
2018010609            0.000000           25.000000         -999.000000           -0.000726            7.200000
2018010610            0.000000           25.000000         -999.000000           -0.000726            7.200000
2018010611            0.000000           25.000000         -999.000000           -0.000726            7.200000
2018010612            0.000000           25.000000         -999.000000           -0.000726            7.200000
2018010613            0.000000           25.000000         -999.000000           -0.000726            7.200000
2018010614            0.000000           25.000000         -999.000000           -0.000726            7.200000
2018010615            0.000000           25.000000         -999.000000           -0.000726            7.200000
2018010616            0.000000           25.000000         -999.000000           -0.000726            7.200000
2018010617            0.000000           25.000000         -999.000000           -0.000726            7.200000
2018010618            0.000000           25.000000         -999.000000           -0.000726            7.200000
2018010619            0.000000           25.000000         -999.000000           -0.000726            7.200000
2018010620            0.000000           25.000000         -999.000000           -0.000726            7.200000
2018010621            0.000000           25.000000         -999.000000           -0.000726            7.200000
2018010622            0.000000           25.000000         -999.000000           -0.000726            7.200000
2018010623            0.000000           25.000000         -999.000000           -0.000726            7.200000
2018010624            0.000000           25.000000         -999.000000           -0.000726            7.200000
2018010701            0.000000           25.000000         -999.000000           -0.000726            7.200000
2018010702            0.000000           25.000000         -999.000000           -0.000726            7.200000
2018010703            0.000000           25.000000         -999.000000           -0.000726            7.200000
2018010704            0.000000           25.000000         -999.000000           -0.000726            7.200000
2018010705            0.000000           25.000000         -999.000000           -0.000726            7.200000
2018010706            0.000000           25.000000         -999.000000           -0.000726            7.200000
2018010707            0.000000           25.000000         -999.000000           -0.000726            7.200000
2018010708            0.000000           25.000000         -999.000000           -0.000726            7.200000
2018010709            0.000000           25.000000         -999.000000           -0.000726            7.200000
2018010710            0.000000           25.000000         -999.000000           -0.000726            7.200000
2018010711            0.000000           25.000000         -999.000000           -0.000726            7.200000
2018010712            0.000000           25.000000         -999.000000           -0.000726            7.200000
2018010713            0.000000           25.000000         -999.000000           -0.000726            7.200000
2018010714            0.000000           25.000000         -999.000000           -0.000726            7.200000
2018010715            0.000000           25.000000         -999.000000           -0.000726            7.200000
2018010716            0.000000           25.000000         -999.000000           -0.000726            7.200000
2018010717            0.000000           25.000000         -999.000000           -0.000726            7.200000
2018010718            0.000000           25.000000         -999.000000           -0.000726            7.200000
2018010719            0.000000           25.000000         -999.000000           -0.000726            7.200000
2018010720            0.000000           25.000000         -999.000000           -0.000726            7.200000
2018010721            0.000000           25.000000         -999.000000           -0.000726            7.200000
2018010722            0.000000           25.000000         -999.000000           -0.000726            7.200000
2018010723            0.000000           25.000000         -999.000000           -0.000726            7.200000
2018010724            0.000000           25.000000         -999.000000           -0.000726            7.200000
2018010801            0.000000           25.000000         -999.000000           -0.000726            7.200000
2018010802            0.000000           25.000000         -999.000000           -0.000726            7.200000
2018010803            0.000000           25.000000         -999.000000           -0.000726            7.200000
2018010804            0.000000           25.000000         -999.000000           -0.000726            7.200000
2018010805            0.000000           25.000000         -999.000000           -0.000726            7.200000
2018010806            0.000000           25.000000         -999.000000           -0.000726            7.200000
2018010807            0.000000           25.000000         -999.000000           -0.000726            7.200000
2018010808            0.000000           25.000000         -999.000000           -0.000726            7.200000
2018010809            0.000000           25.000000         -999.000000           -0.000726            7.200000
2018010810            0.000000           25.000000         -999.000000           -0.000726            7.200000
2018010811            0.000000           25.000000         -999.000000           -0.000726            7.200000
2018010812            0.000000           25.000000         -999.000000           -0.000726            7.200000
2018010813            0.000000           25.000000         -999.000000           -0.000726            7.200000
2018010814            0.000000           25.000000         -999.000000           -0.000726            7.200000
2018010815            0.000000           25.000000         -999.000000           -0.000726            7.200000
2018010816            0.000000           25.000000         -999.000000           -0.000726            7.200000
2018010817            0.000000           25.000000         -999.000000           -0.000726            7.200000
2018010818            0.000000           25.000000         -999.000000           -0.000726            7.200000
2018010819            0.000000           25.000000         -999.000000           -0.000726            7.200000
2018010820            0.000000           25.000000         -999.000000           -0.000726            7.200000
2018010821            0.000000           25.000000         -999.000000           -0.000726            7.200000
2018010822            0.000000           25.000000         -999.000000           -0.000726            7.200000
2018010823            0.000000           25.000000         -999.000000           -0.000726            7.200000
2018010824            0.000000           25.000000         -999.000000           -0.000726            7.200000
2018010901            0.000000           25.000000         -999.000000           -0.000726            7.200000
2018010902            0.000000           25.000000         -999.000000           -0.000726            7.200000
2018010903            0.000000           25.000000         -999.000000           -0.000726            7.200000
2018010904            0.000000           25.000000         -999.000000           -0.000726            7.200000
2018010905            0.000000           25.000000         -999.000000           -0.000726            7.200000
2018010906            0.000000           25.000000         -999.000000           -0.000726            7.200000
2018010907            0.000000           25.000000         -999.000000           -0.000726            7.200000
2018010908            0.000000           25.000000         -999.000000           -0.000726            7.200000
2018010909            0.000000           25.000000         -999.000000           -0.000726            7.200000
2018010910            0.000000           25.000000         -999.000000           -0.000726            7.200000
2018010911            0.000000           25.000000         -999.000000           -0.000726            7.200000
2018010912            0.000000           25.000000         -999.000000           -0.000726            7.200000
2018010913            0.000000           25.000000         -999.000000           -0.000726            7.200000
2018010914            0.000000           25.000000         -999.000000           -0.000726            7.200000
2018010915            0.000000           25.000000         -999.000000           -0.000726            7.200000
2018010916            0.000000           25.000000         -999.000000           -0.000726            7.200000
2018010917            0.000000           25.000000         -999.000000           -0.000726            7.200000
2018010918            0.000000           25.000000         -999.000000           -0.000726            7.200000
2018010919            0.000000           25.000000         -999.000000           -0.000726            7.200000
2018010920            0.000000           25.000000         -999.000000           -0.000726            7.200000
2018010921            0.000000           25.000000         -999.000000           -0.000726            7.200000
2018010922            0.000000           25.000000         -999.000000           -0.000726            7.200000
2018010923            0.000000           25.000000         -999.000000           -0.000726            7.200000
2018010924            0.000000           25.000000         -999.000000           -0.000726            7.200000
2018011001            0.000000           25.000000         -999.000000           -0.000726            7.200000
2018011002            0.000000           25.000000         -999.000000           -0.000726            7.200000
2018011003            0.000000           25.000000         -999.000000           -0.000726            7.200000
2018011004            0.000000           25.000000         -999.000000           -0.000726            7.200000
2018011005            0.000000           25.000000         -999.000000           -0.000726            7.200000
2018011006            0.000000           25.000000         -999.000000           -0.000726            7.200000
2018011007            0.000000           25.000000         -999.000000           -0.000726            7.200000
2018011008            0.000000           25.000000         -999.000000           -0.000726            7.200000
2018011009            0.000000           25.000000         -999.000000           -0.000726            7.200000
2018011010            0.000000           25.000000         -999.000000           -0.000726            7.200000
2018011011            0.000000           25.000000         -999.000000           -0.000726            7.200000
2018011012            0.000000           25.000000         -999.000000           -0.000726            7.200000
2018011013            0.000000           25.000000         -999.000000           -0.000726            7.200000
2018011014            0.000000           25.000000         -999.000000           -0.000726            7.200000
2018011015            0.000000           25.000000         -999.000000           -0.000726            7.200000
2018011016            0.000000           25.000000         -999.000000           -0.000726            7.200000
2018011017            0.000000           25.000000         -999.000000           -0.000726            7.200000
2018011018            0.000000           25.000000         -999.000000           -0.000726            7.200000
2018011019            0.000000           25.000000         -999.000000           -0.000726            7.200000
2018011020            0.000000           25.000000         -999.000000           -0.000726            7.200000
2018011021            0.000000           25.000000         -999.000000           -0.000726            7.200000
2018011022            0.000000           25.000000         -999.000000           -0.000726            7.200000
2018011023            0.000000           25.000000         -999.000000           -0.000726            7.200000
2018011024            0.000000           25.000000         -999.000000           -0.000726            7.200000
2018011101            0.000000           25.000000         -999.000000           -0.000726            7.200000
2018011102            0.000000           25.000000         -999.000000           -0.000726            7.200000
2018011103            0.000000           25.000000         -999.000000           -0.000726            7.200000
2018011104            0.000000           25.000000         -999.000000           -0.000726            7.200000
2018011105            0.000000           25.000000         -999.000000           -0.000726            7.200000
2018011106            0.000000           25.000000         -999.000000           -0.000726            7.200000
2018011107            0.000000           25.000000         -999.000000           -0.000726            7.200000
2018011108            0.000000           25.000000         -999.000000           -0.000726            7.200000
2018011109            0.000000           25.000000         -999.000000           -0.000726            7.200000
2018011110            0.000000           25.000000         -999.000000           -0.000726            7.200000
2018011111            0.000000           25.000000         -999.000000           -0.000726            7.200000
2018011112            0.000000           25.000000         -999.000000           -0.000726            7.200000
2018011113            0.000000           25.000000         -999.000000           -0.000726            7.200000
2018011114            0.000000           25.000000         -999.000000           -0.000726            7.200000
2018011115            0.000000           25.000000         -999.000000           -0.000726            7.200000
2018011116            0.000000           25.000000         -999.000000           -0.000726            7.200000
2018011117            0.000000           25.000000         -999.000000           -0.000726            7.200000
2018011118            0.000000           25.000000         -999.000000           -0.000726            7.200000
2018011119            0.000000           25.000000         -999.000000           -0.000726            7.200000
2018011120            0.000000           25.000000         -999.000000           -0.000726            7.200000
2018011121            0.000000           25.000000         -999.000000           -0.000726            7.200000
2018011122            0.000000           25.000000         -999.000000           -0.000726            7.200000
2018011123            0.000000           25.000000         -999.000000           -0.000726            7.200000
2018011124            0.000000           25.000000         -999.000000           -0.000726            7.200000
2018011201            0.000000           25.000000         -999.000000           -0.000726            7.200000
2018011202            0.000000           25.000000         -999.000000           -0.000726            7.200000
2018011203            0.000000           25.000000         -999.000000           -0.000726            7.200000
2018011204            0.000000           25.000000         -999.000000           -0.000726            7.200000
2018011205            0.000000           25.000000         -999.000000           -0.000726            7.200000
2018011206            0.000000           25.000000         -999.000000           -0.000726            7.200000
2018011207            0.000000           25.000000         -999.000000           -0.000726            7.200000
2018011208            0.000000           25.000000         -999.000000           -0.000726            7.200000
2018011209            0.000000           25.000000         -999.000000           -0.000726            7.200000
2018011210            0.000000           25.000000         -999.000000           -0.000726            7.200000
2018011211            0.000000           25.000000         -999.000000           -0.000726            7.200000
2018011212            0.000000           25.000000         -999.000000           -0.000726            7.200000
2018011213            0.000000           25.000000         -999.000000           -0.000726            7.200000
2018011214            0.000000           25.000000         -999.000000           -0.000726            7.200000
2018011215            0.000000           25.000000         -999.000000           -0.000726            7.200000
2018011216            0.000000           25.000000         -999.000000           -0.000726            7.200000
2018011217            0.000000           25.000000         -999.000000           -0.000726            7.200000
2018011218            0.000000           25.000000         -999.000000           -0.000726            7.200000
2018011219            0.000000           25.000000         -999.000000           -0.000726            7.200000
2018011220            0.000000           25.000000         -999.000000           -0.000726            7.200000
2018011221            0.000000           25.000000         -999.000000           -0.000726            7.200000
2018011222            0.000000           25.000000         -999.000000           -0.000726            7.200000
2018011223            0.000000           25.000000         -999.000000           -0.000726            7.200000
2018011224            0.000000           25.000000         -999.000000           -0.000726            7.200000
2018011301            0.000000           25.000000         -999.000000           -0.000726            7.200000
2018011302            0.000000           25.000000         -999.000000           -0.000726            7.200000
2018011303            0.000000           25.000000         -999.000000           -0.000726            7.200000
2018011304            0.000000           25.000000         -999.000000           -0.000726            7.200000
2018011305            0.000000           25.000000         -999.000000           -0.000726            7.200000
2018011306            0.000000           25.000000         -999.000000           -0.000726            7.200000
2018011307            0.000000           25.000000         -999.000000           -0.000726            7.200000
2018011308            0.000000           25.000000         -999.000000           -0.000726            7.200000
2018011309            0.000000           25.000000         -999.000000           -0.000726            7.200000
2018011310            0.000000           25.000000         -999.000000           -0.000726            7.200000
2018011311            0.000000           25.000000         -999.000000           -0.000726            7.200000
2018011312            0.000000           25.000000         -999.000000           -0.000726            7.200000
2018011313            0.000000           25.000000         -999.000000           -0.000726            7.200000
2018011314            0.000000           25.000000         -999.000000           -0.000726            7.200000
2018011315            0.000000           25.000000         -999.000000           -0.000726            7.200000
2018011316            0.000000           25.000000         -999.000000           -0.000726            7.200000
2018011317            0.000000           25.000000         -999.000000           -0.000726            7.200000
2018011318            0.000000           25.000000         -999.000000           -0.000726            7.200000
2018011319            0.000000           25.000000         -999.000000           -0.000726            7.200000
2018011320            0.000000           25.000000         -999.000000           -0.000726            7.200000
2018011321            0.000000           25.000000         -999.000000           -0.000726            7.200000
2018011322            0.000000           25.000000         -999.000000           -0.000726            7.200000
2018011323            0.000000           25.000000         -999.000000           -0.000726            7.200000
2018011324            0.000000           25.000000         -999.000000           -0.000726            7.200000
2018011401            0.000000           25.000000         -999.000000           -0.000726            7.200000
2018011402            0.000000           25.000000         -999.000000           -0.000726            7.200000
2018011403            0.000000           25.000000         -999.000000           -0.000726            7.200000
2018011404            0.000000           25.000000         -999.000000           -0.000726            7.200000
2018011405            0.000000           25.000000         -999.000000           -0.000726            7.200000
2018011406            0.000000           25.000000         -999.000000           -0.000726            7.200000
2018011407            0.000000           25.000000         -999.000000           -0.000726            7.200000
2018011408            0.000000           25.000000         -999.000000           -0.000726            7.200000
2018011409            0.000000           25.000000         -999.000000           -0.000726            7.200000
2018011410            0.000000           25.000000         -999.000000           -0.000726            7.200000
2018011411            0.000000           25.000000         -999.000000           -0.000726            7.200000
2018011412            0.000000           25.000000         -999.000000           -0.000726            7.200000
2018011413            0.000000           25.000000         -999.000000           -0.000726            7.200000
2018011414            0.000000           25.000000         -999.000000           -0.000726            7.200000
2018011415            0.000000           25.000000         -999.000000           -0.000726            7.200000
2018011416            0.000000           25.000000         -999.000000           -0.000726            7.200000
2018011417            0.000000           25.000000         -999.000000           -0.000726            7.200000
2018011418            0.000000           25.000000         -999.000000           -0.000726            7.200000
2018011419            0.000000           25.000000         -999.000000           -0.000726            7.200000
2018011420            0.000000           25.000000         -999.000000           -0.000726            7.200000
2018011421            0.000000           25.000000         -999.000000           -0.000726            7.200000
2018011422            0.000000           25.000000         -999.000000           -0.000726            7.200000
2018011423            0.000000           25.000000         -999.000000           -0.000726            7.200000
2018011424            0.000000           25.000000         -999.000000           -0.000726            7.200000
2018011501            0.000000           25.000000         -999.000000           -0.000726            7.200000
2018011502            0.000000           25.000000         -999.000000           -0.000726            7.200000
2018011503            0.000000           25.000000         -999.000000           -0.000726            7.200000
2018011504            0.000000           25.000000         -999.000000           -0.000726            7.200000
2018011505            0.000000           25.000000         -999.000000           -0.000726            7.200000
2018011506            0.000000           25.000000         -999.000000           -0.000726            7.200000
2018011507            0.000000           25.000000         -999.000000           -0.000726            7.200000
2018011508            0.000000           25.000000         -999.000000           -0.000726            7.200000
2018011509            0.000000           25.000000         -999.000000           -0.000726            7.200000
2018011510            0.000000           25.000000         -999.000000           -0.000726            7.200000
2018011511            0.000000           25.000000         -999.000000           -0.000726            7.200000
2018011512            0.000000           25.000000         -999.000000           -0.000726            7.200000
2018011513            0.000000           25.000000         -999.000000           -0.000726            7.200000
2018011514            0.000000           25.000000         -999.000000           -0.000726            7.200000
2018011515            0.000000           25.000000         -999.000000           -0.000726            7.200000
2018011516            0.000000           25.000000         -999.000000           -0.000726            7.200000
2018011517            0.000000           25.000000         -999.000000           -0.000726            7.200000
2018011518            0.000000           25.000000         -999.000000           -0.000726            7.200000
2018011519            0.000000           25.000000         -999.000000           -0.000726            7.200000
2018011520            0.000000           25.000000         -999.000000           -0.000726            7.200000
2018011521            0.000000           25.000000         -999.000000           -0.000726            7.200000
2018011522            0.000000           25.000000         -999.000000           -0.000726            7.200000
2018011523            0.000000           25.000000         -999.000000           -0.000726            7.200000
2018011524            0.000000           25.000000         -999.000000           -0.000726            7.200000
2018011601            0.000000           25.000000         -999.000000           -0.000726            7.200000
2018011602            0.000000           25.000000         -999.000000           -0.000726            7.200000
2018011603            0.000000           25.000000         -999.000000           -0.000726            7.200000
2018011604            0.000000           25.000000         -999.000000           -0.000726            7.200000
2018011605            0.000000           25.000000         -999.000000           -0.000726            7.200000
2018011606            0.000000           25.000000         -999.000000           -0.000726            7.200000
2018011607            0.000000           25.000000         -999.000000           -0.000726            7.200000
2018011608            0.000000           25.000000         -999.000000           -0.000726            7.200000
2018011609            0.000000           25.000000         -999.000000           -0.000726            7.200000
2018011610            0.000000           25.000000         -999.000000           -0.000726            7.200000
2018011611            0.000000           25.000000         -999.000000           -0.000726            7.200000
2018011612            0.000000           25.000000         -999.000000           -0.000726            7.200000
2018011613            0.000000           25.000000         -999.000000           -0.000726            7.200000
2018011614            0.000000           25.000000         -999.000000           -0.000726            7.200000
2018011615            0.000000           25.000000         -999.000000           -0.000726            7.200000
2018011616            0.000000           25.000000         -999.000000           -0.000726            7.200000
2018011617            0.000000           25.000000         -999.000000           -0.000726            7.200000
2018011618            0.000000           25.000000         -999.000000           -0.000726            7.200000
2018011619            0.000000           25.000000         -999.000000           -0.000726            7.200000
2018011620            0.000000           25.000000         -999.000000           -0.000726            7.200000
2018011621            0.000000           25.000000         -999.000000           -0.000726            7.200000
2018011622            0.000000           25.000000         -999.000000           -0.000726            7.200000
2018011623            0.000000           25.000000         -999.000000           -0.000726            7.200000
2018011624            0.000000           25.000000         -999.000000           -0.000726            7.200000
2018011701            0.000000           25.000000         -999.000000           -0.000726            7.200000
2018011702            0.000000           25.000000         -999.000000           -0.000726            7.200000
2018011703            0.000000           25.000000         -999.000000           -0.000726            7.200000
2018011704            0.000000           25.000000         -999.000000           -0.000726            7.200000
2018011705            0.000000           25.000000         -999.000000           -0.000726            7.200000
2018011706            0.000000           25.000000         -999.000000           -0.000726            7.200000
2018011707            0.000000           25.000000         -999.000000           -0.000726            7.200000
2018011708            0.000000           25.000000         -999.000000           -0.000726            7.200000
2018011709            0.000000           25.000000         -999.000000           -0.000726            7.200000
2018011710            0.000000           25.000000         -999.000000           -0.000726            7.200000
2018011711            0.000000           25.000000         -999.000000           -0.000726            7.200000
2018011712            0.000000           25.000000         -999.000000           -0.000726            7.200000
2018011713            0.000000           25.000000         -999.000000           -0.000726            7.200000
2018011714            0.000000           25.000000         -999.000000           -0.000726            7.200000
2018011715            0.000000           25.000000         -999.000000           -0.000726            7.200000
2018011716            0.000000           25.000000         -999.000000           -0.000726            7.200000
2018011717            0.000000           25.000000         -999.000000           -0.000726            7.200000
2018011718            0.000000           25.000000         -999.000000           -0.000726            7.200000
2018011719            0.000000           25.000000         -999.000000           -0.000726            7.200000
2018011720            0.000000           25.000000         -999.000000           -0.000726            7.200000
2018011721            0.000000           25.000000         -999.000000           -0.000726            7.200000
2018011722            0.000000           25.000000         -999.000000           -0.000726            7.200000
2018011723            0.000000           25.000000         -999.000000           -0.000726            7.200000
2018011724            0.000000           25.000000         -999.000000           -0.000726            7.200000
2018011801            0.000000           25.000000         -999.000000           -0.000726            7.200000
2018011802            0.000000           25.000000         -999.000000           -0.000726            7.200000
2018011803            0.000000           25.000000         -999.000000           -0.000726            7.200000
2018011804            0.000000           25.000000         -999.000000           -0.000726            7.200000
2018011805            0.000000           25.000000         -999.000000           -0.000726            7.200000
2018011806            0.000000           25.000000         -999.000000           -0.000726            7.200000
2018011807            0.000000           25.000000         -999.000000           -0.000726            7.200000
2018011808            0.000000           25.000000         -999.000000           -0.000726            7.200000
2018011809            0.000000           25.000000         -999.000000           -0.000726            7.200000
2018011810            0.000000           25.000000         -999.000000           -0.000726            7.200000
2018011811            0.000000           25.000000         -999.000000           -0.000726            7.200000
2018011812            0.000000           25.000000         -999.000000           -0.000726            7.200000
2018011813            0.000000           25.000000         -999.000000           -0.000726            7.200000
2018011814            0.000000           25.000000         -999.000000           -0.000726            7.200000
2018011815            0.000000           25.000000         -999.000000           -0.000726            7.200000
2018011816            0.000000           25.000000         -999.000000           -0.000726            7.200000
2018011817            0.000000           25.000000         -999.000000           -0.000726            7.200000
2018011818            0.000000           25.000000         -999.000000           -0.000726            7.200000
2018011819            0.000000           25.000000         -999.000000           -0.000726            7.200000
2018011820            0.000000           25.000000         -999.000000           -0.000726            7.200000
2018011821            0.000000           25.000000         -999.000000           -0.000726            7.200000
2018011822            0.000000           25.000000         -999.000000           -0.000726            7.200000
2018011823            0.000000           25.000000         -999.000000           -0.000726            7.200000
2018011824            0.000000           25.000000         -999.000000           -0.000726            7.200000
2018011901            0.000000           25.000000         -999.000000           -0.000726            7.200000
2018011902            0.000000           25.000000         -999.000000           -0.000726            7.200000
2018011903            0.000000           25.000000         -999.000000           -0.000726            7.200000
2018011904            0.000000           25.000000         -999.000000           -0.000726            7.200000
2018011905            0.000000           25.000000         -999.000000           -0.000726            7.200000
2018011906            0.000000           25.000000         -999.000000           -0.000726            7.200000
2018011907            0.000000           25.000000         -999.000000           -0.000726            7.200000
2018011908            0.000000           25.000000         -999.000000           -0.000726            7.200000
2018011909            0.000000           25.000000         -999.000000           -0.000726            7.200000
2018011910            0.000000           25.000000         -999.000000           -0.000726            7.200000
2018011911            0.000000           25.000000         -999.000000           -0.000726            7.200000
2018011912            0.000000           25.000000         -999.000000           -0.000726            7.200000
2018011913            0.000000           25.000000         -999.000000           -0.000726            7.200000
2018011914            0.000000           25.000000         -999.000000           -0.000726            7.200000
2018011915            0.000000           25.000000         -999.000000           -0.000726            7.200000
2018011916            0.000000           25.000000         -999.000000           -0.000726            7.200000
2018011917            0.000000           25.000000         -999.000000           -0.000726            7.200000
2018011918            0.000000           25.000000         -999.000000           -0.000726            7.200000
2018011919            0.000000           25.000000         -999.000000           -0.000726            7.200000
2018011920            0.000000           25.000000         -999.000000           -0.000726            7.200000
2018011921            0.000000           25.000000         -999.000000           -0.000726            7.200000
2018011922            0.000000           25.000000         -999.000000           -0.000726            7.200000
2018011923            0.000000           25.000000         -999.000000           -0.000726            7.200000
2018011924            0.000000           25.000000         -999.000000           -0.000726            7.200000
2018012001            0.000000           25.000000         -999.000000           -0.000726            7.200000
2018012002            0.000000           25.000000         -999.000000           -0.000726            7.200000
2018012003            0.000000           25.000000         -999.000000           -0.000726            7.200000
2018012004            0.000000           25.000000         -999.000000           -0.000726            7.200000
2018012005            0.000000           25.000000         -999.000000           -0.000726            7.200000
2018012006            0.000000           25.000000         -999.000000           -0.000726            7.200000
2018012007            0.000000           25.000000         -999.000000           -0.000726            7.200000
2018012008            0.000000           25.000000         -999.000000           -0.000726            7.200000
2018012009            0.000000           25.000000         -999.000000           -0.000726            7.200000
2018012010            0.000000           25.000000         -999.000000           -0.000726            7.200000
2018012011            0.000000           25.000000         -999.000000           -0.000726            7.200000
2018012012            0.000000           25.000000         -999.000000           -0.000726            7.200000
2018012013            0.000000           25.000000         -999.000000           -0.000726            7.200000
2018012014            0.000000           25.000000         -999.000000           -0.000726            7.200000
2018012015            0.000000           25.000000         -999.000000           -0.000726            7.200000
2018012016            0.000000           25.000000         -999.000000           -0.000726            7.200000
2018012017            0.000000           25.000000         -999.000000           -0.000726            7.200000
2018012018            0.000000           25.000000         -999.000000           -0.000726            7.200000
2018012019            0.000000           25.000000         -999.000000           -0.000726            7.200000
2018012020            0.000000           25.000000         -999.000000           -0.000726            7.200000
2018012021            0.000000           25.000000         -999.000000           -0.000726            7.200000
2018012022            0.000000           25.000000         -999.000000           -0.000726            7.200000
2018012023            0.000000           25.000000         -999.000000           -0.000726            7.200000
2018012024            0.000000           25.000000         -999.000000           -0.000726            7.200000
2018012101            0.000000           25.000000         -999.000000           -0.000726            7.200000
2018012102            0.000000           25.000000         -999.000000           -0.000726            7.200000
2018012103            0.000000           25.000000         -999.000000           -0.000726            7.200000
2018012104            0.000000           25.000000         -999.000000           -0.000726            7.200000
2018012105            0.000000           25.000000         -999.000000           -0.000726            7.200000
2018012106            0.000000           25.000000         -999.000000           -0.000726            7.200000
2018012107            0.000000           25.000000         -999.000000           -0.000726            7.200000
2018012108            0.000000           25.000000         -999.000000           -0.000726            7.200000
2018012109            0.000000           25.000000         -999.000000           -0.000726            7.200000
2018012110            0.000000           25.000000         -999.000000           -0.000726            7.200000
2018012111            0.000000           25.000000         -999.000000           -0.000726            7.200000
2018012112            0.000000           25.000000         -999.000000           -0.000726            7.200000
2018012113            0.000000           25.000000         -999.000000           -0.000726            7.200000
2018012114            0.000000           25.000000         -999.000000           -0.000726            7.200000
2018012115            0.000000           25.000000         -999.000000           -0.000726            7.200000
2018012116            0.000000           25.000000         -999.000000           -0.000726            7.200000
2018012117            0.000000           25.000000         -999.000000           -0.000726            7.200000
2018012118            0.000000           25.000000         -999.000000           -0.000726            7.200000
2018012119            0.000000           25.000000         -999.000000           -0.000726            7.200000
2018012120            0.000000           25.000000         -999.000000           -0.000726            7.200000
2018012121            0.000000           25.000000         -999.000000           -0.000726            7.200000
2018012122            0.000000           25.000000         -999.000000           -0.000726            7.200000
2018012123            0.000000           25.000000         -999.000000           -0.000726            7.200000
2018012124            0.000000           25.000000         -999.000000           -0.000726            7.200000
2018012201            0.000000           25.000000         -999.000000           -0.000726            7.200000
2018012202            0.000000           25.000000         -999.000000           -0.000726            7.200000
2018012203            0.000000           25.000000         -999.000000           -0.000726            7.200000
2018012204            0.000000           25.000000         -999.000000           -0.000726            7.200000
2018012205            0.000000           25.000000         -999.000000           -0.000726            7.200000
2018012206            0.000000           25.000000         -999.000000           -0.000726            7.200000
2018012207            0.000000           25.000000         -999.000000           -0.000726            7.200000
2018012208            0.000000           25.000000         -999.000000           -0.000726            7.200000
2018012209            0.000000           25.000000         -999.000000           -0.000726            7.200000
2018012210            0.000000           25.000000         -999.000000           -0.000726            7.200000
2018012211            0.000000           25.000000         -999.000000           -0.000726            7.200000
2018012212            0.000000           25.000000         -999.000000           -0.000726            7.200000
2018012213            0.000000           25.000000         -999.000000           -0.000726            7.200000
2018012214            0.000000           25.000000         -999.000000           -0.000726            7.200000
2018012215            0.000000           25.000000         -999.000000           -0.000726            7.200000
2018012216            0.000000           25.000000         -999.000000           -0.000726            7.200000
2018012217            0.000000           25.000000         -999.000000           -0.000726            7.200000
2018012218            0.000000           25.000000         -999.000000           -0.000726            7.200000
2018012219            0.000000           25.000000         -999.000000           -0.000726            7.200000
2018012220            0.000000           25.000000         -999.000000           -0.000726            7.200000
2018012221            0.000000           25.000000         -999.000000           -0.000726            7.200000
2018012222            0.000000           25.000000         -999.000000           -0.000726            7.200000
2018012223            0.000000           25.000000         -999.000000           -0.000726            7.200000
2018012224            0.000000           25.000000         -999.000000           -0.000726            7.200000
2018012301            0.000000           25.000000         -999.000000           -0.000726            7.200000
2018012302            0.000000           25.000000         -999.000000           -0.000726            7.200000
2018012303            0.000000           25.000000         -999.000000           -0.000726            7.200000
2018012304            0.000000           25.000000         -999.000000           -0.000726            7.200000
2018012305            0.000000           25.000000         -999.000000           -0.000726            7.200000
2018012306            0.000000           25.000000         -999.000000           -0.000726            7.200000
2018012307            0.000000           25.000000         -999.000000           -0.000726            7.200000
2018012308            0.000000           25.000000         -999.000000           -0.000726            7.200000
2018012309            0.000000           25.000000         -999.000000           -0.000726            7.200000
2018012310            0.000000           25.000000         -999.000000           -0.000726            7.200000
2018012311            0.000000           25.000000         -999.000000           -0.000726            7.200000
2018012312            0.000000           25.000000         -999.000000           -0.000726            7.200000
2018012313            0.000000           25.000000         -999.000000           -0.000726            7.200000
2018012314            0.000000           25.000000         -999.000000           -0.000726            7.200000
2018012315            0.000000           25.000000         -999.000000           -0.000726            7.200000
2018012316            0.000000           25.000000         -999.000000           -0.000726            7.200000
2018012317            0.000000           25.000000         -999.000000           -0.000726            7.200000
2018012318            0.000000           25.000000         -999.000000           -0.000726            7.200000
2018012319            0.000000           25.000000         -999.000000           -0.000726            7.200000
2018012320            0.000000           25.000000         -999.000000           -0.000726            7.200000
2018012321            0.000000           25.000000         -999.000000           -0.000726            7.200000
2018012322            0.000000           25.000000         -999.000000           -0.000726            7.200000
2018012323            0.000000           25.000000         -999.000000           -0.000726            7.200000
2018012324            0.000000           25.000000         -999.000000           -0.000726            7.200000
2018012401            0.000000           25.000000         -999.000000           -0.000726            7.200000
2018012402            0.000000           25.000000         -999.000000           -0.000726            7.200000
2018012403            0.000000           25.000000         -999.000000           -0.000726            7.200000
2018012404            0.000000           25.000000         -999.000000           -0.000726            7.200000
2018012405            0.000000           25.000000         -999.000000           -0.000726            7.200000
2018012406            0.000000           25.000000         -999.000000           -0.000726            7.200000
2018012407            0.000000           25.000000         -999.000000           -0.000726            7.200000
2018012408            0.000000           25.000000         -999.000000           -0.000726            7.200000
2018012409            0.000000           25.000000         -999.000000           -0.000726            7.200000
2018012410            0.000000           25.000000         -999.000000           -0.000726            7.200000
2018012411            0.000000           25.000000         -999.000000           -0.000726            7.200000
2018012412            0.000000           25.000000         -999.000000           -0.000726            7.200000
2018012413            0.000000           25.000000         -999.000000           -0.000726            7.200000
2018012414            0.000000           25.000000         -999.000000           -0.000726            7.200000
2018012415            0.000000           25.000000         -999.000000           -0.000726            7.200000
2018012416            0.000000           25.000000         -999.000000           -0.000726            7.200000
2018012417            0.000000           25.000000         -999.000000           -0.000726            7.200000
2018012418            0.000000           25.000000         -999.000000           -0.000726            7.200000
2018012419            0.000000           25.000000         -999.000000           -0.000726            7.200000
2018012420            0.000000           25.000000         -999.000000           -0.000726            7.200000
2018012421            0.000000           25.000000         -999.000000           -0.000726            7.200000
2018012422            0.000000           25.000000         -999.000000           -0.000726            7.200000
2018012423            0.000000           25.000000         -999.000000           -0.000726            7.200000
2018012424            0.000000           25.000000         -999.000000           -0.000726            7.200000
2018012501            0.000000           25.000000         -999.000000           -0.000726            7.200000
2018012502            0.000000           25.000000         -999.000000           -0.000726            7.200000
2018012503            0.000000           25.000000         -999.000000           -0.000726            7.200000
2018012504            0.000000           25.000000         -999.000000           -0.000726            7.200000
2018012505            0.000000           25.000000         -999.000000           -0.000726            7.200000
2018012506            0.000000           25.000000         -999.000000           -0.000726            7.200000
2018012507            0.000000           25.000000         -999.000000           -0.000726            7.200000
2018012508            0.000000           25.000000         -999.000000           -0.000726            7.200000
2018012509            0.000000           25.000000         -999.000000           -0.000726            7.200000
2018012510            0.000000           25.000000         -999.000000           -0.000726            7.200000
2018012511            0.000000           25.000000         -999.000000           -0.000726            7.200000
2018012512            0.000000           25.000000         -999.000000           -0.000726            7.200000
2018012513            0.000000           25.000000         -999.000000           -0.000726            7.200000
2018012514            0.000000           25.000000         -999.000000           -0.000726            7.200000
2018012515            0.000000           25.000000         -999.000000           -0.000726            7.200000
2018012516            0.000000           25.000000         -999.000000           -0.000726            7.200000
2018012517            0.000000           25.000000         -999.000000           -0.000726            7.200000
2018012518            0.000000           25.000000         -999.000000           -0.000726            7.200000
2018012519            0.000000           25.000000         -999.000000           -0.000726            7.200000
2018012520            0.000000           25.000000         -999.000000           -0.000726            7.200000
2018012521            0.000000           25.000000         -999.000000           -0.000726            7.200000
2018012522            0.000000           25.000000         -999.000000           -0.000726            7.200000
2018012523            0.000000           25.000000         -999.000000           -0.000726            7.200000
2018012524            0.000000           25.000000         -999.000000           -0.000726            7.200000
2018012601            0.000000           25.000000         -999.000000           -0.000726            7.200000
2018012602            0.000000           25.000000         -999.000000           -0.000726            7.200000
2018012603            0.000000           25.000000         -999.000000           -0.000726            7.200000
2018012604            0.000000           25.000000         -999.000000           -0.000726            7.200000
2018012605            0.000000           25.000000         -999.000000           -0.000726            7.200000
2018012606            0.000000           25.000000         -999.000000           -0.000726            7.200000
2018012607            0.000000           25.000000         -999.000000           -0.000726            7.200000
2018012608            0.000000           25.000000         -999.000000           -0.000726            7.200000
2018012609            0.000000           25.000000         -999.000000           -0.000726            7.200000
2018012610            0.000000           25.000000         -999.000000           -0.000726            7.200000
2018012611            0.000000           25.000000         -999.000000           -0.000726            7.200000
2018012612            0.000000           25.000000         -999.000000           -0.000726            7.200000
2018012613            0.000000           25.000000         -999.000000           -0.000726            7.200000
2018012614            0.000000           25.000000         -999.000000           -0.000726            7.200000
2018012615            0.000000           25.000000         -999.000000           -0.000726            7.200000
2018012616            0.000000           25.000000         -999.000000           -0.000726            7.200000
2018012617            0.000000           25.000000         -999.000000           -0.000726            7.200000
2018012618            0.000000           25.000000         -999.000000           -0.000726            7.200000
2018012619            0.000000           25.000000         -999.000000           -0.000726            7.200000
2018012620            0.000000           25.000000         -999.000000           -0.000726            7.200000
2018012621            0.000000           25.000000         -999.000000           -0.000726            7.200000
2018012622            0.000000           25.000000         -999.000000           -0.000726            7.200000
2018012623            0.000000           25.000000         -999.000000           -0.000726            7.200000
2018012624            0.000000           25.000000         -999.000000           -0.000726            7.200000
2018012701            0.000000           25.000000         -999.000000           -0.000726            7.200000
2018012702            0.000000           25.000000         -999.000000           -0.000726            7.200000
2018012703            0.000000           25.000000         -999.000000           -0.000726            7.200000
2018012704            0.000000           25.000000         -999.000000           -0.000726            7.200000
2018012705            0.000000           25.000000         -999.000000           -0.000726            7.200000
2018012706            0.000000           25.000000         -999.000000           -0.000726            7.200000
2018012707            0.000000           25.000000         -999.000000           -0.000726            7.200000
2018012708            0.000000           25.000000         -999.000000           -0.000726            7.200000
2018012709            0.000000           25.000000         -999.000000           -0.000726            7.200000
2018012710            0.000000           25.000000         -999.000000           -0.000726            7.200000
2018012711            0.000000           25.000000         -999.000000           -0.000726            7.200000
2018012712            0.000000           25.000000         -999.000000           -0.000726            7.200000
2018012713            0.000000           25.000000         -999.000000           -0.000726            7.200000
2018012714            0.000000           25.000000         -999.000000           -0.000726            7.200000
2018012715            0.000000           25.000000         -999.000000           -0.000726            7.200000
2018012716            0.000000           25.000000         -999.000000           -0.000726            7.200000
2018012717            0.000000           25.000000         -999.000000           -0.000726            7.200000
2018012718            0.000000           25.000000         -999.000000           -0.000726            7.200000
2018012719            0.000000           25.000000         -999.000000           -0.000726            7.200000
2018012720            0.000000           25.000000         -999.000000           -0.000726            7.200000
2018012721            0.000000           25.000000         -999.000000           -0.000726            7.200000
2018012722            0.000000           25.000000         -999.000000           -0.000726            7.200000
2018012723            0.000000           25.000000         -999.000000           -0.000726            7.200000
2018012724            0.000000           25.000000         -999.000000           -0.000726            7.200000
2018012801            0.000000           25.000000         -999.000000           -0.000726            7.200000
2018012802            0.000000           25.000000         -999.000000           -0.000726            7.200000
2018012803            0.000000           25.000000         -999.000000           -0.000726            7.200000
2018012804            0.000000           25.000000         -999.000000           -0.000726            7.200000
2018012805            0.000000           25.000000         -999.000000           -0.000726            7.200000
2018012806            0.000000           25.000000         -999.000000           -0.000726            7.200000
2018012807            0.000000           25.000000         -999.000000           -0.000726            7.200000
2018012808            0.000000           25.000000         -999.000000           -0.000726            7.200000
2018012809            0.000000           25.000000         -999.000000           -0.000726            7.200000
2018012810            0.000000           25.000000         -999.000000           -0.000726            7.200000
2018012811            0.000000           25.000000         -999.000000           -0.000726            7.200000
2018012812            0.000000           25.000000         -999.000000           -0.000726            7.200000
2018012813            0.000000           25.000000         -999.000000           -0.000726            7.200000
2018012814            0.000000           25.000000         -999.000000           -0.000726            7.200000
2018012815            0.000000           25.000000         -999.000000           -0.000726            7.200000
2018012816            0.000000           25.000000         -999.000000           -0.000726            7.200000
2018012817            0.000000           25.000000         -999.000000           -0.000726            7.200000
2018012818            0.000000           25.000000         -999.000000           -0.000726            7.200000
2018012819            0.000000           25.000000         -999.000000           -0.000726            7.200000
2018012820            0.000000           25.000000         -999.000000           -0.000726            7.200000
2018012821            0.000000           25.000000         -999.000000           -0.000726            7.200000
2018012822            0.000000           25.000000         -999.000000           -0.000726            7.200000
2018012823            0.000000           25.000000         -999.000000           -0.000726            7.200000
2018012824            0.000000           25.000000         -999.000000           -0.000726            7.200000
2018012901            0.000000           25.000000         -999.000000           -0.000726            7.200000
2018012902            0.000000           25.000000         -999.000000           -0.000726            7.200000
2018012903            0.000000           25.000000         -999.000000           -0.000726            7.200000
2018012904            0.000000           25.000000         -999.000000           -0.000726            7.200000
2018012905            0.000000           25.000000         -999.000000           -0.000726            7.200000
2018012906            0.000000           25.000000         -999.000000           -0.000726            7.200000
2018012907            0.000000           25.000000         -999.000000           -0.000726            7.200000
2018012908            0.000000           25.000000         -999.000000           -0.000726            7.200000
2018012909            0.000000           25.000000         -999.000000           -0.000726            7.200000
2018012910            0.000000           25.000000         -999.000000           -0.000726            7.200000
2018012911            0.000000           25.000000         -999.000000           -0.000726            7.200000
2018012912            0.000000           25.000000         -999.000000           -0.000726            7.200000
2018012913            0.000000           25.000000         -999.000000           -0.000726            7.200000
2018012914            0.000000           25.000000         -999.000000           -0.000726            7.200000
2018012915            0.000000           25.000000         -999.000000           -0.000726            7.200000
2018012916            0.000000           25.000000         -999.000000           -0.000726            7.200000
2018012917            0.000000           25.000000         -999.000000           -0.000726            7.200000
2018012918            0.000000           25.000000         -999.000000           -0.000726            7.200000
2018012919            0.000000           25.000000         -999.000000           -0.000726            7.200000
2018012920            0.000000           25.000000         -999.000000           -0.000726            7.200000
2018012921            0.000000           25.000000         -999.000000           -0.000726            7.200000
2018012922            0.000000           25.000000         -999.000000           -0.000726            7.200000
2018012923            0.000000           25.000000         -999.000000           -0.000726            7.200000
2018012924            0.000000           25.000000         -999.000000           -0.000726            7.200000
2018013001            0.000000           25.000000         -999.000000           -0.000726            7.200000
2018013002            0.000000           25.000000         -999.000000           -0.000726            7.200000
2018013003            0.000000           25.000000         -999.000000           -0.000726            7.200000
2018013004            0.000000           25.000000         -999.000000           -0.000726            7.200000
2018013005            0.000000           25.000000         -999.000000           -0.000726            7.200000
2018013006            0.000000           25.000000         -999.000000           -0.000726            7.200000
2018013007            0.000000           25.000000         -999.000000           -0.000726            7.200000
2018013008            0.000000           25.000000         -999.000000           -0.000726            7.200000
2018013009            0.000000           25.000000         -999.000000           -0.000726            7.200000
2018013010            0.000000           25.000000         -999.000000           -0.000726            7.200000
2018013011            0.000000           25.000000         -999.000000           -0.000726            7.200000
2018013012            0.000000           25.000000         -999.000000           -0.000726            7.200000
2018013013            0.000000           25.000000         -999.000000           -0.000726            7.200000
2018013014            0.000000           25.000000         -999.000000           -0.000726            7.200000
2018013015            0.000000           25.000000         -999.000000           -0.000726            7.200000
2018013016            0.000000           25.000000         -999.000000           -0.000726            7.200000
2018013017            0.000000           25.000000         -999.000000           -0.000726            7.200000
2018013018            0.000000           25.000000         -999.000000           -0.000726            7.200000
2018013019            0.000000           25.000000         -999.000000           -0.000726            7.200000
2018013020            0.000000           25.000000         -999.000000           -0.000726            7.200000
2018013021            0.000000           25.000000         -999.000000           -0.000726            7.200000
2018013022            0.000000           25.000000         -999.000000           -0.000726            7.200000
2018013023            0.000000           25.000000         -999.000000           -0.000726            7.200000
2018013024            0.000000           25.000000         -999.000000           -0.000726            7.200000
2018013101            0.000000           25.000000         -999.000000           -0.000726            7.200000
2018013102            0.000000           25.000000         -999.000000           -0.000726            7.200000
2018013103            0.000000           25.000000         -999.000000           -0.000726            7.200000
2018013104            0.000000           25.000000         -999.000000           -0.000726            7.200000
2018013105            0.000000           25.000000         -999.000000           -0.000726            7.200000
2018013106            0.000000           25.000000         -999.000000           -0.000726            7.200000
2018013107            0.000000           25.000000         -999.000000           -0.000726            7.200000
2018013108            0.000000           25.000000         -999.000000           -0.000726            7.200000
2018013109            0.000000           25.000000         -999.000000           -0.000726            7.200000
2018013110            0.000000           25.000000         -999.000000           -0.000726            7.200000
2018013111            0.000000           25.000000         -999.000000           -0.000726            7.200000
2018013112            0.000000           25.000000         -999.000000           -0.000726            7.200000
2018013113            0.000000           25.000000         -999.000000           -0.000726            7.200000
2018013114            0.000000           25.000000         -999.000000           -0.000726            7.200000
2018013115            0.000000           25.000000         -999.000000           -0.000726            7.200000
2018013116            0.000000           25.000000         -999.000000           -0.000726            7.200000
2018013117            0.000000           25.000000         -999.000000           -0.000726            7.200000
2018013118            0.000000           25.000000         -999.000000           -0.000726            7.200000
2018013119            0.000000           25.000000         -999.000000           -0.000726            7.200000
2018013120            0.000000           25.000000         -999.000000           -0.000726            7.200000
2018013121            0.000000           25.000000         -999.000000           -0.000726            7.200000
2018013122            0.000000           25.000000         -999.000000           -0.000726            7.200000
2018013123            0.000000           25.000000         -999.000000           -0.000726            7.200000
2018013124            0.000000           25.000000         -999.000000           -0.000726            7.200000
