20090901
20170831
0.6788
0.6788
0.6788
0.6788
0.6788
0.5393
0.5393
0.5393
0.5393
0.5393
0.5393
0.5393
0.5393
0.3955
0.3955
0.3955
0.3955
0.3955
0.3955
0.3955
0.3955
0.5215
0.5215
0.5215
0.5215
0.5215
0.5215
0.5215
0.5215
0.4112
0.4112
0.4112
0.4112
0.4112
0.4112
0.4112
0.4112
0.2903
0.2903
0.2903
0.2903
0.2903
0.2903
0.2903
0.2903
0.2592
0.2592
0.2592
0.2592
0.2592
0.2592
0.2592
0.2592
0.1611
0.1611
0.1611
0.1611
0.1611
0.1611
0.1611
0.1611
0.1839
0.1839
0.1839
0.1839
0.1839
0.1839
0.1839
0.1839
0.1312
0.1312
0.1312
0.1312
0.1312
0.1312
0.1312
0.1312
0.0941
0.0941
0.0941
0.0941
0.0941
0.0941
0.0941
0.0941
0.0505
0.0505
0.0505
0.0505
0.0505
0.0505
0.0505
0.0505
0.0121
0.0121
0.0121
0.0121
0.0121
0.0121
0.0121
0.0121
0.0386
0.0386
0.0386
0.0386
0.0386
0.0386
0.0386
0.0386
0.0415
0.0415
0.0415
0.0415
0.0415
0.0415
0.0415
0.0415
0.0000
0.0000
0.0000
0.0000
0.0000
0.0000
0.0000
0.0000
0.0000
0.0000
0.0000
0.0000
0.0000
0.0228
0.0228
0.0228
0.0228
0.0228
0.0228
0.0228
0.0228
0.0563
0.0563
0.0563
0.0563
0.0563
0.0563
0.0563
0.0563
0.0151
0.0151
0.0151
0.0151
0.0151
0.0151
0.0151
0.0151
0.0047
0.0047
0.0047
0.0047
0.0047
0.0047
0.0047
0.0047
0.0098
0.0098
0.0098
0.0098
0.0098
0.0098
0.0098
0.0098
0.0315
0.0315
0.0315
0.0315
0.0315
0.0315
0.0315
0.0315
0.0608
0.0608
0.0608
0.0608
0.0608
0.0608
0.0608
0.0608
0.0770
0.0770
0.0770
0.0770
0.0770
0.0770
0.0770
0.0770
0.1053
0.1053
0.1053
0.1053
0.1053
0.1053
0.1053
0.1053
0.2603
0.2603
0.2603
0.2603
0.2603
0.2603
0.2603
0.2603
0.4427
0.4427
0.4427
0.4427
0.4427
0.4427
0.4427
0.4427
0.5595
0.5595
0.5595
0.5595
0.5595
0.5595
0.5595
0.5595
0.5629
0.5629
0.5629
0.5629
0.5629
0.5629
0.5629
0.5629
1.1591
1.1591
1.1591
1.1591
1.1591
1.1591
1.1591
1.1591
1.1951
1.1951
1.1951
1.1951
1.1951
1.1951
1.1951
1.1951
0.8350
0.8350
0.8350
0.8350
0.8350
0.8350
0.8350
0.8350
1.2293
1.2293
1.2293
1.2293
1.2293
1.2293
1.2293
1.2293
1.2747
1.2747
1.2747
1.2747
1.2747
1.2747
1.2747
1.2747
1.1830
1.1830
1.1830
1.1830
1.1830
1.1830
1.1830
1.1830
1.0726
1.0726
1.0726
1.0726
1.0726
1.0726
1.0726
1.0726
0.9609
0.9609
0.9609
0.9609
0.9609
0.9609
0.9609
0.9609
0.8351
0.8351
0.8351
0.8351
0.8351
0.8351
0.8351
0.8351
0.8215
0.8215
0.8215
0.8215
0.8215
0.8215
0.8215
0.8215
1.0724
1.0724
1.0724
1.0724
1.0724
1.0724
1.0724
1.0724
1.1226
1.1226
1.1226
1.1226
1.1226
1.1226
1.1226
1.1226
1.0584
1.0584
1.0584
1.0584
1.0584
1.0584
1.0584
1.0584
0.8859
0.8859
0.8859
0.8859
0.8859
0.8859
0.8859
0.8859
0.6247
0.6247
0.6247
0.6247
0.6247
0.6247
0.6247
0.6247
0.5437
0.5437
0.5437
0.5437
0.5437
0.5437
0.5437
0.5437
0.5906
0.5906
0.5906
0.5906
0.5906
0.5906
0.5906
0.5906
0.5601
0.5601
0.5601
0.5601
0.5601
0.5601
0.5601
0.5601
0.6602
0.6602
0.6602
0.6602
0.6602
0.6602
0.6602
0.6602
0.6344
0.6344
0.6344
0.6344
0.6344
0.6344
0.6344
0.6344
0.5537
0.5537
0.5537
0.5537
0.5537
0.5537
0.5537
0.5537
0.4624
0.4624
0.4624
0.4624
0.4624
0.4624
0.4624
0.4624
0.3730
0.3730
0.3730
0.3730
0.3730
0.3730
0.3730
0.3730
0.3610
0.3610
0.3610
0.3610
0.3610
0.3610
0.3610
0.3610
0.1915
0.1915
0.1915
0.1915
0.1915
0.1915
0.1915
0.1915
0.1022
0.1022
0.1022
0.1022
0.1022
0.1022
0.1022
0.1022
0.1011
0.1011
0.1011
0.1011
0.1011
0.1011
0.1011
0.1011
0.0655
0.0655
0.0655
0.0655
0.0655
0.0655
0.0655
0.0655
0.0523
0.0523
0.0523
0.0523
0.0523
0.0523
0.0523
0.0523
0.0382
0.0382
0.0382
0.0382
0.0382
0.0382
0.0382
0.0382
0.0276
0.0276
0.0276
0.0276
0.0276
0.0276
0.0276
0.0276
0.0479
0.0479
0.0479
0.0479
0.0479
0.0373
0.0373
0.0373
0.0373
0.0373
0.0373
0.0373
0.0373
0.0014
0.0014
0.0014
0.0014
0.0014
0.0014
0.0014
0.0014
0.0329
0.0329
0.0329
0.0329
0.0329
0.0329
0.0329
0.0329
0.0677
0.0677
0.0677
0.0677
0.0677
0.0677
0.0677
0.0677
0.0000
0.0000
0.0000
0.0000
0.0000
0.0000
0.0000
0.0000
0.0731
0.0731
0.0731
0.0731
0.0731
0.0731
0.0731
0.0731
0.1043
0.1043
0.1043
0.1043
0.1043
0.1043
0.1043
0.1043
0.1089
0.1089
0.1089
0.1089
0.1089
0.1089
0.1089
0.1089
0.1108
0.1108
0.1108
0.1108
0.1108
0.1108
0.1108
0.1108
0.1656
0.1656
0.1656
0.1656
0.1656
0.1656
0.1656
0.1656
0.1738
0.1738
0.1738
0.1738
0.1738
0.1738
0.1738
0.1738
0.2703
0.2703
0.2703
0.2703
0.2703
0.2703
0.2703
0.2703
0.3946
0.3946
0.3946
0.3946
0.3946
0.3946
0.3946
0.3946
0.4606
0.4606
0.4606
0.4606
0.4606
0.4606
0.4606
0.4606
0.4498
0.4498
0.4498
0.4498
0.4498
0.4498
0.4498
0.4498
0.6111
0.6111
0.6111
0.6111
0.6111
0.6111
0.6111
0.6111
0.8058
0.8058
0.8058
0.8058
0.8058
0.8058
0.8058
0.8058
0.9152
0.9152
0.9152
0.9152
0.9152
0.9152
0.9152
0.9152
1.0463
1.0463
1.0463
1.0463
1.0463
1.0463
1.0463
1.0463
0.9433
0.9433
0.9433
0.9433
0.9433
0.9433
0.9433
0.9433
0.7820
0.7820
0.7820
0.7820
0.7820
0.7820
0.7820
0.7820
0.6706
0.6706
0.6706
0.6706
0.6706
0.6706
0.6706
0.6706
0.5352
0.5352
0.5352
0.5352
0.5352
0.5352
0.5352
0.5352
0.3694
0.3694
0.3694
0.3694
0.3694
0.3694
0.3694
0.3694
0.2991
0.2991
0.2991
0.2991
0.2991
0.2991
0.2991
0.2991
0.3079
0.3079
0.3079
0.3079
0.3079
0.3079
0.3079
0.3079
0.2509
0.2509
0.2509
0.2509
0.2509
0.2509
0.2509
0.2509
0.3050
0.3050
0.3050
0.3050
0.3050
0.3050
0.3050
0.3050
0.3076
0.3076
0.3076
0.3076
0.3076
0.3076
0.3076
0.3076
0.2990
0.2990
0.2990
0.2990
0.2990
0.2990
0.2990
0.2990
0.3593
0.3593
0.3593
0.3593
0.3593
0.3593
0.3593
0.3593
0.4608
0.4608
0.4608
0.4608
0.4608
0.4608
0.4608
0.4608
0.3141
0.3141
0.3141
0.3141
0.3141
0.3141
0.3141
0.3141
0.3514
0.3514
0.3514
0.3514
0.3514
0.3514
0.3514
0.3514
0.2732
0.2732
0.2732
0.2732
0.2732
0.2732
0.2732
0.2732
0.2556
0.2556
0.2556
0.2556
0.2556
0.2556
0.2556
0.2556
0.3416
0.3416
0.3416
0.3416
0.3416
0.3416
0.3416
0.3416
0.2793
0.2793
0.2793
0.2793
0.2793
0.2793
0.2793
0.2793
0.2097
0.2097
0.2097
0.2097
0.2097
0.2097
0.2097
0.2097
0.1937
0.1937
0.1937
0.1937
0.1937
0.1937
0.1937
0.1937
0.1282
0.1282
0.1282
0.1282
0.1282
0.1282
0.1282
0.1282
0.0853
0.0853
0.0853
0.0853
0.0853
0.0853
0.0853
0.0853
0.0324
0.0324
0.0324
0.0324
0.0324
0.0324
0.0324
0.0324
0.0530
0.0530
0.0530
0.0530
0.0530
0.0530
0.0530
0.0530
0.0367
0.0367
0.0367
0.0367
0.0367
0.0367
0.0367
0.0367
0.0576
0.0576
0.0576
0.0576
0.0576
0.0562
0.0562
0.0562
0.0562
0.0562
0.0562
0.0562
0.0562
0.0536
0.0536
0.0536
0.0536
0.0536
0.0536
0.0536
0.0536
0.0835
0.0835
0.0835
0.0835
0.0835
0.0835
0.0835
0.0835
0.0827
0.0827
0.0827
0.0827
0.0827
0.0827
0.0827
0.0827
0.0537
0.0537
0.0537
0.0537
0.0537
0.0537
0.0537
0.0537
0.0338
0.0338
0.0338
0.0338
0.0338
0.0338
0.0338
0.0338
0.1040
0.1040
0.1040
0.1040
0.1040
0.1040
0.1040
0.1040
0.1751
0.1751
0.1751
0.1751
0.1751
0.1751
0.1751
0.1751
0.2126
0.2126
0.2126
0.2126
0.2126
0.2126
0.2126
0.2126
0.3011
0.3011
0.3011
0.3011
0.3011
0.3011
0.3011
0.3011
0.5910
0.5910
0.5910
0.5910
0.5910
0.5910
0.5910
0.5910
0.5583
0.5583
0.5583
0.5583
0.5583
0.5583
0.5583
0.5583
0.5200
0.5200
0.5200
0.5200
0.5200
0.5200
0.5200
0.5200
0.7789
0.7789
0.7789
0.7789
0.7789
0.7789
0.7789
0.7789
0.8505
0.8505
0.8505
0.8505
0.8505
0.8505
0.8505
0.8505
0.8620
0.4620
0.4620
0.4620
0.4620
0.4620
0.4620
0.4620
0.2205
0.2205
0.2205
0.2205
0.2205
0.2205
0.2205
0.2205
0.3477
0.3477
0.3477
0.3477
0.3477
0.3477
0.3477
0.3477
0.2320
0.2320
0.2320
0.2320
0.2320
0.2320
0.2320
0.2320
0.4486
0.4486
0.4486
0.4486
0.4486
0.4486
0.4486
0.4486
0.5687
0.5687
0.5687
0.5687
0.5687
0.5687
0.5687
0.5687
0.6243
0.6243
0.6243
0.6243
0.6243
0.6243
0.6243
0.6243
0.5567
0.5567
0.5567
0.5567
0.5567
0.5567
0.5567
0.5567
0.1799
0.1799
0.1799
0.1799
0.1799
0.1799
0.1799
0.1799
0.6806
0.6806
0.6806
0.6806
0.6806
0.6806
0.6806
0.6806
0.4495
0.4495
0.4495
0.4495
0.4495
0.4495
0.4495
0.4495
0.3618
0.3618
0.3618
0.3618
0.3618
0.3618
0.3618
0.3618
0.3480
0.3480
0.3480
0.3480
0.3480
0.3480
0.3480
0.3480
0.3791
0.3791
0.3791
0.3791
0.3791
0.3791
0.3791
0.3791
0.4204
0.4204
0.4204
0.4204
0.4204
0.4204
0.4204
0.4204
0.4516
0.4516
0.4516
0.4516
0.4516
0.4516
0.4516
0.4516
0.4328
0.4328
0.4328
0.4328
0.4328
0.4328
0.4328
0.4328
0.3216
0.3216
0.3216
0.3216
0.3216
0.3216
0.3216
0.3216
0.3667
0.3667
0.3667
0.3667
0.3667
0.3667
0.3667
0.3667
0.3068
0.3068
0.3068
0.3068
0.3068
0.3068
0.3068
0.3068
0.3188
0.3188
0.3188
0.3188
0.3188
0.3188
0.3188
0.3188
0.2976
0.2976
0.2976
0.2976
0.2976
0.2976
0.2976
0.2976
0.1949
0.1949
0.1949
0.1949
0.1949
0.1949
0.1949
0.1949
0.1752
0.1752
0.1752
0.1752
0.1752
0.1752
0.1752
0.1752
0.1380
0.1380
0.1380
0.1380
0.1380
0.1380
0.1380
0.1380
0.1367
0.1367
0.1367
0.1367
0.1367
0.1367
0.1367
0.1367
0.0971
0.0971
0.0971
0.0971
0.0971
0.0971
0.0971
0.0971
0.0685
0.0685
0.0685
0.0685
0.0685
0.0685
0.0685
0.0685
0.0389
0.0389
0.0389
0.0389
0.0389
0.0389
0.0389
0.0389
0.0531
0.0531
0.0531
0.0531
0.0531
0.0531
0.0531
0.0531
0.0000
0.0000
0.0000
0.0000
0.0000
0.0000
0.0286
0.0286
0.0286
0.0286
0.0286
0.0286
0.0286
0.0286
0.0162
0.0162
0.0162
0.0162
0.0162
0.0162
0.0162
0.0162
0.0225
0.0225
0.0225
0.0225
0.0225
0.0225
0.0225
0.0225
0.0244
0.0244
0.0244
0.0244
0.0244
0.0244
0.0244
0.0244
0.0439
0.0439
0.0439
0.0439
0.0439
0.0439
0.0439
0.0439
0.0317
0.0317
0.0317
0.0317
0.0317
0.0317
0.0317
0.0317
0.0327
0.0327
0.0327
0.0327
0.0327
0.0327
0.0327
0.0327
0.0452
0.0452
0.0452
0.0452
0.0452
0.0452
0.0452
0.0452
0.0682
0.0682
0.0682
0.0682
0.0682
0.0682
0.0682
0.0682
0.0810
0.0810
0.0810
0.0810
0.0810
0.0810
0.0810
0.0810
0.0877
0.0877
0.0877
0.0877
0.0877
0.0877
0.0877
0.0877
0.1212
0.1212
0.1212
0.1212
0.1212
0.1212
0.1212
0.1212
0.2327
0.2327
0.2327
0.2327
0.2327
0.2327
0.2327
0.2327
0.3163
0.3163
0.3163
0.3163
0.3163
0.3163
0.3163
0.3163
0.4208
0.4208
0.4208
0.4208
0.4208
0.4208
0.4208
0.4208
0.6098
0.6098
0.6098
0.6098
0.6098
0.6098
0.6098
0.6098
0.7172
0.7172
0.7172
0.7172
0.7172
0.7172
0.7172
0.7172
0.7891
0.7891
0.7891
0.7891
0.7891
0.7891
0.7891
0.7891
0.7245
0.7245
0.7245
0.7245
0.7245
0.7245
0.7245
0.7245
1.1633
1.1633
1.1633
1.1633
1.1633
1.1633
1.1633
1.1633
1.1414
1.1414
1.1414
1.1414
1.1414
1.1414
1.1414
1.1414
1.2457
1.2457
1.2457
1.2457
1.2457
1.2457
1.2457
1.2457
1.1208
1.1208
1.1208
1.1208
1.1208
1.1208
1.1208
1.1208
0.8395
0.8395
0.8395
0.8395
0.8395
0.8395
0.8395
0.8395
0.6503
0.6503
0.6503
0.6503
0.6503
0.6503
0.6503
0.6503
0.9076
0.9076
0.9076
0.9076
0.9076
0.9076
0.9076
0.9076
1.0513
1.0513
1.0513
1.0513
1.0513
1.0513
1.0513
1.0513
0.9424
0.9424
0.9424
0.9424
0.9424
0.9424
0.9424
0.9424
0.9788
0.9788
0.9788
0.9788
0.9788
0.9788
0.9788
0.9788
0.7956
0.7956
0.7956
0.7956
0.7956
0.7956
0.7956
0.7956
0.5641
0.5641
0.5641
0.5641
0.5641
0.5641
0.5641
0.5641
0.5057
0.5057
0.5057
0.5057
0.5057
0.5057
0.5057
0.5057
0.5001
0.5001
0.5001
0.5001
0.5001
0.5001
0.5001
0.5001
0.4851
0.4851
0.4851
0.4851
0.4851
0.4851
0.4851
0.4851
0.3719
0.3719
0.3719
0.3719
0.3719
0.3719
0.3719
0.3719
0.3432
0.3432
0.3432
0.3432
0.3432
0.3432
0.3432
0.3432
0.2740
0.2740
0.2740
0.2740
0.2740
0.2740
0.2740
0.2740
0.2158
0.2158
0.2158
0.2158
0.2158
0.2158
0.2158
0.2158
0.1588
0.1588
0.1588
0.1588
0.1588
0.1588
0.1588
0.1588
0.1595
0.1595
0.1595
0.1595
0.1595
0.1595
0.1595
0.1595
0.1042
0.1042
0.1042
0.1042
0.1042
0.1042
0.1042
0.1042
0.0775
0.0775
0.0775
0.0775
0.0775
0.0775
0.0775
0.0775
0.0106
0.0106
0.0106
0.0106
0.0106
0.0106
0.0106
0.0106
0.0318
0.0318
0.0318
0.0318
0.0318
0.0318
0.0318
0.0318
0.0390
0.0390
0.0390
0.0390
0.0390
0.0390
0.0390
0.0390
0.0453
0.0453
0.0453
0.0453
0.0453
0.0305
0.0305
0.0305
0.0305
0.0305
0.0305
0.0305
0.0305
0.0573
0.0573
0.0573
0.0573
0.0573
0.0573
0.0573
0.0573
0.0476
0.0476
0.0476
0.0476
0.0476
0.0476
0.0476
0.0476
0.0574
0.0574
0.0574
0.0574
0.0574
0.0574
0.0574
0.0574
0.0000
0.0000
0.0000
0.0000
0.0000
0.0000
0.0000
0.0000
0.0549
0.0549
0.0549
0.0549
0.0549
0.0549
0.0549
0.0549
0.0800
0.0800
0.0800
0.0800
0.0800
0.0800
0.0800
0.0800
0.0243
0.0243
0.0243
0.0243
0.0243
0.0243
0.0243
0.0243
0.0973
0.0973
0.0973
0.0973
0.0973
0.0973
0.0973
0.0973
0.1166
0.1166
0.1166
0.1166
0.1166
0.1166
0.1166
0.1166
0.1236
0.1236
0.1236
0.1236
0.1236
0.1236
0.1236
0.1236
0.1908
0.1908
0.1908
0.1908
0.1908
0.1908
0.1908
0.1908
0.2548
0.2548
0.2548
0.2548
0.2548
0.2548
0.2548
0.2548
0.3425
0.3425
0.3425
0.3425
0.3425
0.3425
0.3425
0.3425
0.5819
0.5819
0.5819
0.5819
0.5819
0.5819
0.5819
0.5819
0.7181
0.7181
0.7181
0.7181
0.7181
0.7181
0.7181
0.7181
0.6775
0.6775
0.6775
0.6775
0.6775
0.6775
0.6775
0.6775
0.7035
0.7035
0.7035
0.7035
0.7035
0.7035
0.7035
0.7035
0.6550
0.6550
0.6550
0.6550
0.6550
0.6550
0.6550
0.6550
0.7706
0.7706
0.7706
0.7706
0.7706
0.7706
0.7706
0.7706
0.9690
0.9690
0.9690
0.9690
0.9690
0.9690
0.9690
0.9690
1.1094
1.1094
1.1094
1.1094
1.1094
1.1094
1.1094
1.1094
1.3927
1.3927
1.3927
1.3927
1.3927
1.3927
1.3927
1.3927
1.1788
1.1788
1.1788
1.1788
1.1788
1.1788
1.1788
1.1788
0.7651
0.7651
0.7651
0.7651
0.7651
0.7651
0.7651
0.7651
0.7746
0.7746
0.7746
0.7746
0.7746
0.7746
0.7746
0.7746
0.8054
0.8054
0.8054
0.8054
0.8054
0.8054
0.8054
0.8054
0.7364
0.7364
0.7364
0.7364
0.7364
0.7364
0.7364
0.7364
0.5411
0.5411
0.5411
0.5411
0.5411
0.5411
0.5411
0.5411
0.4514
0.4514
0.4514
0.4514
0.4514
0.4514
0.4514
0.4514
0.3703
0.3703
0.3703
0.3703
0.3703
0.3703
0.3703
0.3703
0.3099
0.3099
0.3099
0.3099
0.3099
0.3099
0.3099
0.3099
0.3052
0.3052
0.3052
0.3052
0.3052
0.3052
0.3052
0.3052
0.3235
0.3235
0.3235
0.3235
0.3235
0.3235
0.3235
0.3235
0.3046
0.3046
0.3046
0.3046
0.3046
0.3046
0.3046
0.3046
0.2595
0.2595
0.2595
0.2595
0.2595
0.2595
0.2595
0.2595
0.2858
0.2858
0.2858
0.2858
0.2858
0.2858
0.2858
0.2858
0.2609
0.2609
0.2609
0.2609
0.2609
0.2609
0.2609
0.2609
0.1161
0.1161
0.1161
0.1161
0.1161
0.1161
0.1161
0.1161
0.0509
0.0509
0.0509
0.0509
0.0509
0.0509
0.0509
0.0509
0.0518
0.0518
0.0518
0.0518
0.0518
0.0518
0.0518
0.0518
0.0537
0.0537
0.0537
0.0537
0.0537
0.0537
0.0537
0.0537
0.0438
0.0438
0.0438
0.0438
0.0438
0.0438
0.0438
0.0438
0.0295
0.0295
0.0295
0.0295
0.0295
0.0295
0.0295
0.0295
0.0297
0.0297
0.0297
0.0297
0.0297
0.0297
0.0297
0.0297
0.0065
0.0065
0.0065
0.0065
0.0065
0.0035
0.0035
0.0035
0.0035
0.0035
0.0035
0.0035
0.0035
0.0020
0.0020
0.0020
0.0020
0.0020
0.0020
0.0020
0.0020
0.0343
0.0343
0.0343
0.0343
0.0343
0.0343
0.0343
0.0343
0.0814
0.0814
0.0814
0.0814
0.0814
0.0814
0.0814
0.0814
0.1783
0.1783
0.1783
0.1783
0.1783
0.1783
0.1783
0.1783
0.0398
0.0398
0.0398
0.0398
0.0398
0.0398
0.0398
0.0398
0.0253
0.0253
0.0253
0.0253
0.0253
0.0253
0.0253
0.0253
0.0163
0.0163
0.0163
0.0163
0.0163
0.0163
0.0163
0.0163
0.3595
0.3595
0.3595
0.3595
0.3595
0.3595
0.3595
0.3595
0.3667
0.3667
0.3667
0.3667
0.3667
0.3667
0.3667
0.3667
0.1763
0.1763
0.1763
0.1763
0.1763
0.1763
0.1763
0.1763
0.3387
0.3387
0.3387
0.3387
0.3387
0.3387
0.3387
0.3387
0.4832
0.4832
0.4832
0.4832
0.4832
0.4832
0.4832
0.4832
0.8307
0.8307
0.8307
0.8307
0.8307
0.8307
0.8307
0.8307
0.8992
0.8992
0.8992
0.8992
0.8992
0.8992
0.8992
0.8992
1.2341
1.2341
1.2341
1.2341
1.2341
1.2341
1.2341
1.2341
1.1066
1.1066
1.1066
1.1066
1.1066
1.1066
1.1066
1.1066
1.0554
1.0554
1.0554
1.0554
1.0554
1.0554
1.0554
1.0554
1.2540
1.2540
1.2540
1.2540
1.2540
1.2540
1.2540
1.2540
1.2643
1.2643
1.2643
1.2643
1.2643
1.2643
1.2643
1.2643
0.8543
0.8543
0.8543
0.8543
0.8543
0.8543
0.8543
0.8543
0.9632
0.9632
0.9632
0.9632
0.9632
0.9632
0.9632
0.9632
1.2105
1.2105
1.2105
1.2105
1.2105
1.2105
1.2105
1.2105
1.1087
1.1087
1.1087
1.1087
1.1087
1.1087
1.1087
1.1087
0.6411
0.6411
0.6411
0.6411
0.6411
0.6411
0.6411
0.6411
1.1009
1.1009
1.1009
1.1009
1.1009
1.1009
1.1009
1.1009
0.9924
0.9924
0.9924
0.9924
0.9924
0.9924
0.9924
0.9924
1.0224
1.0224
1.0224
1.0224
1.0224
1.0224
1.0224
1.0224
0.9064
0.9064
0.9064
0.9064
0.9064
0.9064
0.9064
0.9064
0.7689
0.7689
0.7689
0.7689
0.7689
0.7689
0.7689
0.7689
0.6211
0.6211
0.6211
0.6211
0.6211
0.6211
0.6211
0.6211
1.0057
1.0057
1.0057
1.0057
1.0057
1.0057
1.0057
1.0057
1.0683
1.0683
1.0683
1.0683
1.0683
1.0683
1.0683
1.0683
1.1580
1.1580
1.1580
1.1580
1.1580
1.1580
1.1580
1.1580
0.4165
0.4165
0.4165
0.4165
0.4165
0.4165
0.4165
0.4165
0.3450
0.3450
0.3450
0.3450
0.3450
0.3450
0.3450
0.3450
0.2577
0.2577
0.2577
0.2577
0.2577
0.2577
0.2577
0.2577
0.1727
0.1727
0.1727
0.1727
0.1727
0.1727
0.1727
0.1727
0.1542
0.1542
0.1542
0.1542
0.1542
0.1542
0.1542
0.1542
0.0824
0.0824
0.0824
0.0824
0.0824
0.0824
0.0824
0.0824
0.0702
0.0702
0.0702
0.0702
0.0702
0.0702
0.0702
0.0702
0.0330
0.0330
0.0330
0.0330
0.0330
0.0330
0.0330
0.0330
0.0636
0.0636
0.0636
0.0636
0.0636
0.0636
0.0636
0.0636
0.0439
0.0439
0.0439
0.0439
0.0439
0.0439
0.0439
0.0439
0.0497
0.0497
0.0497
0.0497
0.0497
0.0497
0.0497
0.0497
0.0242
0.0242
0.0242
0.0242
0.0242
0.0163
0.0163
0.0163
0.0163
0.0163
0.0163
0.0163
0.0163
0.0282
0.0282
0.0282
0.0282
0.0282
0.0282
0.0282
0.0282
0.0332
0.0332
0.0332
0.0332
0.0332
0.0332
0.0332
0.0332
0.0547
0.0547
0.0547
0.0547
0.0547
0.0547
0.0547
0.0547
0.0402
0.0402
0.0402
0.0402
0.0402
0.0402
0.0402
0.0402
0.0715
0.0715
0.0715
0.0715
0.0715
0.0715
0.0715
0.0715
0.0644
0.0644
0.0644
0.0644
0.0644
0.0644
0.0644
0.0644
0.0947
0.0947
0.0947
0.0947
0.0947
0.0947
0.0947
0.0947
0.0719
0.0719
0.0719
0.0719
0.0719
0.0719
0.0719
0.0719
0.1153
0.1153
0.1153
0.1153
0.1153
0.1153
0.1153
0.1153
0.1790
0.1790
0.1790
0.1790
0.1790
0.1790
0.1790
0.1790
0.2423
0.2423
0.2423
0.2423
0.2423
0.2423
0.2423
0.2423
0.3285
0.3285
0.3285
0.3285
0.3285
0.3285
0.3285
0.3285
0.5140
0.5140
0.5140
0.5140
0.5140
0.5140
0.5140
0.5140
0.8875
0.8875
0.8875
0.8875
0.8875
0.8875
0.8875
0.8875
1.0909
1.0909
1.0909
1.0909
1.0909
1.0909
1.0909
1.0909
1.2227
1.2227
1.2227
1.2227
1.2227
1.2227
1.2227
1.2227
1.2004
1.2004
1.2004
1.2004
1.2004
1.2004
1.2004
1.2004
1.2164
1.2164
1.2164
1.2164
1.2164
1.2164
1.2164
1.2164
0.9805
0.9805
0.9805
0.9805
0.9805
0.9805
0.9805
0.9805
0.9796
0.9796
0.9796
0.9796
0.9796
0.9796
0.9796
0.9796
1.1825
1.1825
1.1825
1.1825
1.1825
1.1825
1.1825
1.1825
1.2456
1.2456
1.2456
1.2456
1.2456
1.2456
1.2456
1.2456
1.1961
1.1961
1.1961
1.1961
1.1961
1.1961
1.1961
1.1961
1.0707
1.0707
1.0707
1.0707
1.0707
1.0707
1.0707
1.0707
0.9571
0.9571
0.9571
0.9571
0.9571
0.9571
0.9571
0.9571
1.0579
1.0579
1.0579
1.0579
1.0579
1.0579
1.0579
1.0579
0.9531
0.9531
0.9531
0.9531
0.9531
0.9531
0.9531
0.9531
0.5951
0.5951
0.5951
0.5951
0.5951
0.5951
0.5951
0.5951
0.6235
0.6235
0.6235
0.6235
0.6235
0.6235
0.6235
0.6235
0.4227
0.4227
0.4227
0.4227
0.4227
0.4227
0.4227
0.4227
0.9398
0.9398
0.9398
0.9398
0.9398
0.9398
0.9398
0.9398
0.8904
0.8904
0.8904
0.8904
0.8904
0.8904
0.8904
0.8904
0.4528
0.4528
0.4528
0.4528
0.4528
0.4528
0.4528
0.4528
0.4375
0.4375
0.4375
0.4375
0.4375
0.4375
0.4375
0.4375
0.3816
0.3816
0.3816
0.3816
0.3816
0.3816
0.3816
0.3816
0.3723
0.3723
0.3723
0.3723
0.3723
0.3723
0.3723
0.3723
0.2913
0.2913
0.2913
0.2913
0.2913
0.2913
0.2913
0.2913
0.1784
0.1784
0.1784
0.1784
0.1784
0.1784
0.1784
0.1784
0.1361
0.1361
0.1361
0.1361
0.1361
0.1361
0.1361
0.1361
0.1293
0.1293
0.1293
0.1293
0.1293
0.1293
0.1293
0.1293
0.0868
0.0868
0.0868
0.0868
0.0868
0.0868
0.0868
0.0868
0.0254
0.0254
0.0254
0.0254
0.0254
0.0254
0.0254
0.0254
0.0495
0.0495
0.0495
0.0495
0.0495
0.0495
0.0495
0.0495
0.0183
0.0183
0.0183
0.0183
0.0183
0.0183
0.0183
0.0183
0.0372
0.0372
0.0372
0.0372
0.0372
0.0372
0.0100
0.0100
0.0100
0.0100
0.0100
0.0100
0.0100
0.0100
0.0345
0.0345
0.0345
0.0345
0.0345
0.0345
0.0345
0.0345
0.0301
0.0301
0.0301
0.0301
0.0301
0.0301
0.0301
0.0301
0.0479
0.0479
0.0479
0.0479
0.0479
0.0479
0.0479
0.0479
0.0594
0.0594
0.0594
0.0594
0.0594
0.0594
0.0594
0.0594
0.0613
0.0613
0.0613
0.0613
0.0613
0.0613
0.0613
0.0613
0.0642
0.0642
0.0642
0.0642
0.0642
0.0642
0.0642
0.0642
0.0880
0.0880
0.0880
0.0880
0.0880
0.0880
0.0880
0.0880
0.1449
0.1449
0.1449
0.1449
0.1449
0.1449
0.1449
0.1449
0.1851
0.1851
0.1851
0.1851
0.1851
0.1851
0.1851
0.1851
0.1720
0.1720
0.1720
0.1720
0.1720
0.1720
0.1720
0.1720
0.2867
0.2867
0.2867
0.2867
0.2867
0.2867
0.2867
0.2867
0.5226
0.5226
0.5226
0.5226
0.5226
0.5226
0.5226
0.5226
0.7391
0.7391
0.7391
0.7391
0.7391
0.7391
0.7391
0.7391
0.9221
0.9221
0.9221
0.9221
0.9221
0.9221
0.9221
0.9221
1.0441
1.0441
1.0441
1.0441
1.0441
1.0441
1.0441
1.0441
0.9876
0.9876
0.9876
0.9876
0.9876
0.9876
0.9876
0.9876
1.0131
1.0131
1.0131
1.0131
1.0131
1.0131
1.0131
1.0131
1.0274
1.0274
1.0274
1.0274
1.0274
1.0274
1.0274
1.0274
0.7686
0.7686
0.7686
0.7686
0.7686
0.7686
0.7686
0.7686
1.0502
1.0502
1.0502
1.0502
1.0502
1.0502
1.0502
1.0502
1.1352
1.1352
1.1352
1.1352
1.1352
1.1352
1.1352
1.1352
1.2604
1.2604
1.2604
1.2604
1.2604
1.2604
1.2604
1.2604
1.1427
1.1427
1.1427
1.1427
1.1427
1.1427
1.1427
1.1427
1.0559
1.0559
1.0559
1.0559
1.0559
1.0559
1.0559
1.0559
0.9117
0.9117
0.9117
0.9117
0.9117
0.9117
0.9117
0.9117
0.7396
0.7396
0.7396
0.7396
0.7396
0.7396
0.7396
0.7396
0.7852
0.7852
0.7852
0.7852
0.7852
0.7852
0.7852
0.7852
0.6970
0.6970
0.6970
0.6970
0.6970
0.6970
0.6970
0.6970
0.7454
0.7454
0.7454
0.7454
0.7454
0.7454
0.7454
0.7454
0.8944
0.8944
0.8944