20090901
20170831
22.37
23.66
22.53
23.23
23.65
24.54
25.03
25.64
26.13
24.49
23.88
23.07
22.43
21.08
21.83
22.17
21.81
22.55
22.77
23.1
23.88
21.88
20.67
19.88
19.7
21.08
21.61
20.76
19.57
20.69
22.16
19.66
18.93
18.65
18.46
18.96
17.52
19.2
16.27
15.51
14.95
16.36
17.39
17.3
16.57
16.2
15.79
15.52
17.48
18.73
18.75
17.34
15.58
15.36
16.8
15.45
15.29
15.65
16.84
15.09
14.66
14.88
15.15
15.49
15.47
15.99
16.91
17.83
17.98
18.02
17.16
16.95
16.93
17.82
17.74
16.82
14.03
12.92
12.11
12.9
14.84
15.39
14.3
13.95
13.12
12.15
11.69
12.21
13.84
13.25
11.28
10.59
10.02
8.35
7.07
7.33
8.82
7.65
8.03
5.25
4.29
5.07
7.86
10.59
9.63
6.08
6.52
7.84
8.16
7.87
7.49
8.85
11.21
12.02
6.82
5.32
4.62
4.81
5.03
5.86
7.26
6.94
5.93
5.47
5.4
4.76
5.28
5.78
3.31
1.85
1.58
2.26
4.56
5.44
6.55
9.69
10.99
10.77
10.77
11.83
12.3
12.18
11.9
12.62
13.66
11.01
10.19
9.53
13.05
6.73
3.82
3.74
3.52
3.38
4.35
6.07
7.31
9.98
7.45
8.08
7.37
5.64
5.88
6.39
8.09
9.98
6.6
6.71
7.44
8.69
10.56
11.57
11.3
10.17
6.83
7.84
8.3
9.01
7.26
10.92
10.77
9.13
9.63
10.88
12.31
14.88
15.41
15.33
13.49
15.47
14.21
13.92
13.39
14.25
12.89
13.2
13.29
12.38
13.49
14.84
6.8
6.65
10.95
13.6
15
13.47
13.19
12.78
12.93
14.45
16.65
18.86
19.42
18.16
16.4
19.27
20.26
20.82
15.83
14.68
15.64
18.13
19.53
19.92
19.28
19.43
19.37
18.4
15.32
14.37
15.07
15.58
17.79
18.49
19.18
18.03
17.42
15.44
15.05
16.46
19.85
19.8
17.36
18.39
16.83
18.43
20.22
21.29
20.63
18.56
17.2
18.85
20.21
21.66
17.7
16.57
18.11
19.51
19.33
19.55
20.7
20.83
21.02
22.87
23.76
23.94
23.38
23.73
24.29
24.6
24.79
25.48
24.84
26.67
27.14
26.36
27.01
27.71
27.84
27.23
29.07
27.94
27.08
28.26
28.86
29.25
25.37
24.51
27.1
27.96
28.53
28.79
28.96
28.88
29.54
29.42
29.49
29.04
29.72
28.3
26.39
27.2
27.1
26.75
26.79
25.6
25.97
27.18
27.63
27.19
26.42
25.62
26.19
27.7
26.19
27.93
28.49
28.62
28.82
29.02
28.8
28.79
28.98
28.83
28.78
29.31
29.23
28.93
28.6
27.32
28.09
28.67
28.83
29.2
30.19
30.03
30.06
30.25
30.03
29.91
30.61
30.7
30.75
30.85
31.13
31.54
32.03
32.31
31.59
31.32
30.92
31.02
31.29
32.94
32.5
32.54
32.51
27.56
26.63
26.55
26.88
27.22
28.71
29.72
30.15
27.99
28.17
24.52
23.58
24.96
27.76
26.27
24.17
25.63
28.43
27.66
25.92
26.4
26.95
27.55
27.39
26.76
26.8
26.5
26.07
26.17
26.25
25.92
25.62
24.37
22.08
20.13
20.9
20.86
20.86
20.31
19.96
18.22
16.97
17.33
18.41
19.44
19.38
19.59
20.25
19.25
19.26
19.02
17.13
18.19
18.18
18.12
19.03
19.88
18.75
18.72
18.73
19.03
18.6
17.95
17.33
15.81
13.94
13.37
14.67
15.77
15.05
15.19
15.19
13.65
11.79
12.17
13.57
15.45
16.63
16.34
17.64
15.76
12.68
11.99
13.05
12.43
12.4
11.14
12.1
14.8
17.48
18.09
14.72
18.35
10.86
9.28
10.31
11.96
13.67
9.25
9.18
10.28
12.21
12.57
9.59
8.77
9.84
10.88
11.16
11.63
11.92
7.52
7.69
9.47
12.07
10.96
10.75
10.27
11.15
14.34
13.51
11.15
10.57
10.54
7.52
6.19
8.04
9.56
13.39
15.6
11.66
6.83
6.24
9.15
9.43
8.87
10.56
11.78
9.3
7.6
6.72
4.02
4.02
5.67
7.36
9.22
9.89
10.85
9.85
9.23
4.91
5.47
8.76
7.5
7.84
9.93
8.87
9.82
13.45
13.46
10.19
10.76
4.27
3.61
3.34
3.09
4.51
7.86
7.66
6.95
2.23
2.64
5.58
8.87
10.54
11.49
13.99
15.19
17.91
17.65
19.31
19.06
14.71
13.97
18.01
16.62
10.82
13.5
18.69
13.88
14.64
15.62
16.67
16.69
11.98
13.52
14.42
15.39
14.21
15.33
16.97
19.34
17.26
13.18
15.33
18.7
22.26
22.02
22.09
22.95
22.19
23.01
21.09
20.28
23.46
17.96
14.35
15.7
14.41
14.84
17.57
21.44
22.92
26.02
19.09
20.15
24.57
26.61
27.44
28.37
27.79
24.62
25.24
25.7
27.43
19.99
22.7
23.91
28.99
28.76
22.25
21.87
28.11
21.91
18.28
20.92
20.79
18.31
21.22
21.93
22.68
17.08
15.98
18.58
20.65
21.77
22.67
25.39
26.9
27.82
26.6
24.23
24.49
22.72
22
22.46
23.34
24
24.93
25.6
22.88
24.83
26.46
26.19
25.05
24.04
24.09
25.93
28.91
29.83
28.89
29.43
30.59
31.1
31.92
32.29
32.66
33.39
34.13
34.18
34.29
33.91
34.05
34.57
35.85
34.97
32.39
33.58
35.21
36.12
35.93
35.57
35.39
35.4
35.72
36.74
36.9
37.26
37.51
36.57
32.9
30.01
31.26
32.66
33.27
34.26
35.27
35.89
36.01
37.51
41.65
40.31
39.17
37.01
33.22
33.9
35.97
37.21
37.57
38.22
38.58
38.98
38.75
38.75
39.17
39.85
37.65
38.17
40.36
40.47
39.25
39.97
40.9
41.09
41.49
41.8
41.94
42.46
42.32
39.65
41.69
41.29
38.41
30.62
30.92
30.25
31.31
31.44
31.94
31.77
32.71
32.83
33.22
32.01
33.65
34.48
35.01
34.57
34.34
35.07
35.38
34.51
34.14
35.44
35.57
34.69
34.99
30.81
29.56
29.29
28.33
29.81
29.13
29.8
30.63
31.22
33.57
32.05
25.15
22.53
25.64
26.63
26.11
26.1
26.89
22.53
22.81
25.14
25.61
25.63
26.85
27.79
28.54
26.99
25.6
25.67
26.36
26.9
25.69
27.96
27.17
25.43
21.89
21.7
21.86
22.83
21.25
20.82
21.26
21.8
21.53
18.75
17.46
17.05
17.84
19.3
19.73
19.62
20.81
20.29
15.93
15.57
14.74
15.68
15.72
17.31
16.75
13.8
13.18
14.3
17.37
19.09
17.83
15.09
14.69
14.65
15.56
17.06
17.77
17.77
14.95
13.29
14.14
17.1
14.4
13.08
13.37
13.61
13.52
15.21
14.43
10.49
10.03
10.53
10.63
12.02
11.22
12.85
11.22
8.56
7.07
7.04
8.22
8.26
8.32
8.56
10.13
11.49
14.31
12.3
10.52
10.06
11.24
12.73
11.66
10.56
9.82
8.38
8.26
9.12
10.99
10.2
10.08
10.98
12.23
12.03
9.44
11.54
10.3
10.12
10.99
11.14
12.05
12.04
12.53
11.38
11.26
10.13
6.99
8.11
9.49
10.27
14.06
10.88
9.5
10.9
11.29
9.5
11.9
12.46
12.28
11.48
11.34
11.5
10.74
10.42
11.91
14.11
12.61
12.39
14.66
11.37
9.83
10.13
11.46
9.4
8.4
8.92
5.46
5.43
6.09
7.64
11.62
11.61
12.53
11.55
11.57
11.15
11.42
12.94
14.19
12.65
12.65
14.15
14.72
15.38
15.38
15.37
15.7
15.96
14.96
15.27
16.81
17.19
17.93
12.8
12.02
12.07
13.09
16.32
18.52
20.17
21.42
21.57
21.42
20.75
18.73
18.19
17.63
16.65
17.29
18.5
19.5
20.16
20.84
20.99
21.64
21.9
22.36
23.26
23.67
20.45
19.82
18.88
19.17
19.49
18.97
20.25
21.38
21.52
20.92
21.42
22.27
21.66
20.59
21.2
22.52
23.99
20.74
19.6
19.23
19.6
21.85
25.06
25.99
28.54
26.06
25.52
26.11
26.12
27.11
29.09
28.17
29.21
29.42
25.69
25.28
26.1
26.96
23.19
22.15
23.38
23.22
22.9
25.11
26.13
27.28
27.93
24.36
24.41
25.03
26.88
28.01
29.02
28.84
28.59
29.65
29.03
27.64
26.5
24.72
25.89
28.13
28.98
28.87
26.13
25.28
26.13
27.3
28.49
29.11
27.83
26.19
27.81
28.24
28.8
29.07
29.36
29.45
29.19
28.06
29.47
30.57
31.13
31.67
32.05
32.21
31.72
31.9
32.07
31.66
31.54
32.21
32.62
32.79
33.01
32.27
31.15
29.39
28.3
29.36
29.91
31.69
32.29
32.1
32.65
33.51
34.71
35.5
35.85
35.73
35.5
35.74
35.85
36.37
35.95
36.05
36.71
37.09
37.74
38.25
39.16
39.84
39.86
39.89
38.81
39.13
36.4
35.35
36.68
35.91
35.23
36.74
36.18
33.8
36.03
32.18
29.91
27.17
27.25
28.52
29.33
29.48
28.58
29.3
30.85
28.93
29.15
29.31
28.45
29.25
30.78
31.54
32.09
32.47
32.5
32.5
32.48
31.71
28.54
28.28
28.81
28.86
30.4
26.5
23.48
24.66
25.84
27.48
27.81
27.45
29.19
30.25
30.38
29.92
30.17
31.63
27.99
25.48
25.64
25.09
24.29
23.27
22.76
23.87
22.58
20.23
16.56
17.2
17.55
20.42
20.32
22.9
25.14
24.02
23.01
23.15
24.6
24.98
21.57
21.56
23.08
27.28
25.77
26.35
25.66
22.95
18.47
18.14
18.09
18.59
20.26
22.12
22.53
23.65
22.93
21.41
21.04
20.4
20.89
22.77
25.51
24.75
18.08
13.65
13.43
13.89
14.38
15.03
14.42
16.79
19.12
18.89
19.01
21.44
17.31
14.71
16.96
14.96
13.74
14.85
18.07
19.47
21.37
20.87
23.21
19.69
17.19
19.17
17.57
18.12
14.74
10.53
10.43
11.75
15.43
15.59
14.15
15.42
13.81
14.11
15.44
11.28
11.45
13.26
13.87
11.72
6.3
5.09
7.14
6.87
6.64
6.8
7.75
8.6
8.46
8.52
10.93
10.1
9.23
11.65
12.45
14.43
15.59
11.17
6.77
6.76
6.16
6.66
9.09
9.87
11.27
11.88
9.86
11.5
12.52
12.64
10.93
10.94
13.39
17.03
17.13
11.86
11.1
10.25
11.79
12.89
15.98
15.11
15.3
15.99
13.43
11.38
14.23
13.8
10.68
11.61
12.79
11.46
11.81
13.33
14.69
13.71
9.23
8.18
8.45
9.36
10.75
9.54
9.21
10.23
10.26
9.85
10.19
12.04
14.32
12.22
11.94
13.96
14.59
15.18
12.34
12.34
13.09
14.46
16.48
18.81
20.81
16.25
16.95
16.36
17.6
16.79
14.8
14.34
13.23
12.84
14.54
16.58
18.86
19.64
21.97
20.77
20.35
12.07
10.4
12.06
15.76
17.93
18.27
20.46
20.74
12.78
14.54
16.06
17.69
19.72
21.56
19.28
19.54
15.73
15.72
17.08
18.28
19.1
15.65
14.71
15.99
17.51
17.26
18.35
20.16
20.87
20.91
15.15
14.84
14.84
15.24
16.28
18.32
19.3
18.99
19.42
19.3
18.79
19.4
19.7
18.99
17.21
19.02
22.94
23.06
23.11
20.23
20
20.38
21.83
22.11
22.32
22.58
22.51
22.47
22.75
23.71
23.06
21.98
21.84
23.04
23.51
23.08
22.24
22.45
23.19
24.24
25.03
25.62
25.95
26.01
25.76
25.93
25.03
24.95
24.58
25.69
26.18
26.4
26.62
26.82
27.13
27.67
28.18
28.32
27.8
27.12
25.96
25.45
25.67
26.12
26.9
27.71
28.52
28.83
29.85
29.81
29.61
28.4
28.33
25.58
23.78
24.69
25.51
26
26.24
26.46
26.79
27.28
28.28
26.65
26.01
25.33
25.41
25.37
25.87
26.22
26.81
26.95
27.55
27.64
27.88
27.68
27.76
27.66
27.27
27.02
25.85
26.17
27.12
25.57
24.85
24.8
23.49
23.25
23.57
23.94
24.69
25.22
25.61
26.56
26.64
26.93
26.88
26.42
26.6
27.67
28.02
27.53
27.16
26.72
26.71
26.15
26.29
27.24
28.37
28.79
28.55
28.35
28.19
27.83
26.93
26.38
27.17
27.98
27.68
27.7
27.88
26.05
24.39
24.85
25.41
26.16
26.36
27.54
27.76
24.92
22.4
22.49
23.29
24.65
25.81
25.98
21.89
20.36
20.08
20.34
21.21
21.78
23.45
23.23
22.81
22.5
20.95
18.79
18.4
17.53
16.41
17.14
17.51
17.22
18.19
18
17.55
18.37
18.8
18.78
20.2
20.93
19.9
17.84
16.76
15.6
15.58
16.77
15.09
14.58
15.11
16.19
17.14
17.21
13.73
12.64
13.38
14.63
17.24
18
16.05
15.91
15.44
16.4
11.86
9.33
8.48
9.15
9.86
8.8
9.4
9.8
12.01
12.5
12.46
12.8
11.9
8.65
6.29
5.24
5.57
5.19
4.99
5.93
6.28
8.33
8.02
7.86
8.79
8.71
9.56
10.8
9.48
7.82
7.43
6.39
6.45
7.07
7.36
7.94
8.52
8.22
6.53
6.8
6.69
5.86
6.99
7.83
5.79
5.64
6.27
6.45
6.66
7.89
7.8
7.92
8.55
8.4
8.68
9.17
9.42
10.02
10.12
8.76
8.96
10.96
11.23
10.5
10.35
9.78
12.09
12.41
11.47
8.6
8.46
5.96
6.58
7.43
8.79
9.87
10.2
10.58
9.25
6.42
7.58
8.59
9.21
10.71
10.29
10.72
11.48
13.31
14.3
14.86
13.2
11.02
9.75
11.74
11.89
9.79
9.99
13.28
11.64
11.2
11.81
13.2
14.44
13.03
13.62
14.57
14.49
14.95
13.96
14.41
15.27
15.32
14.18
15.78
17.6
16.96
17.49
17.76
15.78
15.21
16.26
16.35
16.17
16.59
15.23
14.57
15.83
16.17
17.82
19.07
20.4
17.72
17.61
16.8
18.5
21.11
20.24
20.86
21.58
19.56
19.56
20.41
20.89
22.19
20.31
20.13
19.59
19.7
19.85
18.3
19.32
21.9
18.91
17.01
18.11
17.91
16.88
18.68
20.65
21.12
18.45
16.5
16.75
17.97
19.08
20.08
21.45
21.59
21.34
21.62
21.25
21.65
19.94
19.42
19.85
20.02
20.79
22.47
23.12
22.27
22.03
23.11
23.44
23.61
23.17
23.38
24.26
25.34
25.69
25.7
25.99
26.77
26.74
26.71
30.18
28.63
27.34
27.2
26.77
26.26
26.21
27.15
27.37
27.75
26.91
26.91
27.98
28.4
28.76
27.98
28.02
28.49
28.57
27.43
28.27
28.31
28.07
27.63
27.28
27.12
26.63
26.17
27.57
26.8
27.09
28.36
26.11
29.26
29.22
29.89
31.69
29.57
28.91
28.85
27.96
27.87
27.27
26.59
25.89
27.02
27.06
30.93
31.63
31.32
31.63
31.08
31.27
30.74
29.32
29.15
28.63
28.01
28.52
29.2
29.64
30.15
30.2
30.4
30.4
30.75
31.34
30.62
29.7
29.49
29.71
28.9
28.3
26.02
27.11
26.34
27.74
27.63
27.59
30.6
31.18
29.74
29.37
29.26
29.46
29.73
30.3
30.63
31.04
30.24
29.86
28.74
26.85
26.94
28.1
27.66
27.59
27.77
28.86
28.83
28.33
28.97
28.46
26.62
25.97
26.69
27.04
26.83
26.07
25.82
24.54
24.71
25.64
25.45
25.09
24.91
24.53
23.93
23.45
23.07
23.43
23.46
23.28
21.64
22.25
22.23
21.72
20.9
21.24
21.52
21.78
21.02
20.15
20.13
19.59
19.35
18.44
17.91
17.65
18.02
18.42
18.98
18.74
18.77
18.66
16.85
16.09
16.1
17.1
17.13
16.73
16.23
14.86
14.14
14.28
14.88
15.75
16.13
15.97
16.06
16.5
15.02
14.13
14.38
15.15
14.88
14.56
13.13
14.76
14.7
15.54
14.85
12.91
14.31
11.78
10.99
9.7
10.44
11.45
10.03
10.72
10.87
12.48
11.78
8.7
7.27
7.55
8.53
8.59
8.76
9.2
8.01
9.15
11
11.23
10.24
9.89
10.36
11.69
12.31
11.07
9.66
8.67
8.59
9.41
10.03
9.44
9.28
9.4
9.35
8.58
7.36
7.81
7.39
7.27
8.36
8.37
8.68
9.03
9.8
10.2
9.72
9.54
9.81
9.71
10.44
10.36
11.53
11.99
12.24
11.42
11.31
11.21
9.22
9.64
9.3
8.78
9.44
11.16
11.93
12.6
12.7
12.18
11.24
11.29
12.15
11.65
9.84
9.61
9.67
9.53
10.06
11.5
9.39
7.47
8.5
9.71
8.64
6.71
7.18
7.42
7.89
9.8
8.75
8.25
8.64
10.02
11.94
12.07
13.16
13.68
14.25
13.8
14.56
15.25
15.89
16.09
15.9
15.58
15.26
15.33
16.98
17.38
18.74
18.11
16.54
16.18
16.9
18.01
18.12
19.85
20.72
21.82
19.85
19.28
17.31
20.33
23.23
22.77
23.26
21.04
20.39
22.82
20.02
18.32
20.66
20.88
21.81
22.22
20.86
19.8
20.82
20.16
19.83
21.01
22.45
22.32
19
18.06
19.7
20.35
21.1
22.17
22.46
23.41
21.53
22.06
22.31
22.1
21.92
22.77
21.66
21.03
20.06
22.84
23.65
23.78
24.55
24.96
23.54
21.86
21.83
20.32
21.13
21.19
22.01
22.81
23.52
23.85
23.75
23.07
22.58
23.37
25.12
26.11
26.75
27.04
26.94
27.98
27.18
27.45
27.91
28.44
28.41
26.24
26.98
26.68
26.63
25.89
25.99
27.4
28.64
28.24
28.83
28.76
28.78
29.03
28.81
27.81
27.26
27.6
27.98
28.92
28.67
27.64
28.17
28.89
29.08
27.28
26.44
26.82
27.79
28.42
28.79
29.14
29.41
29.24
28.92
29.15
29.54
29.51
29.51
28.32
28.11
29.55
29.66
29.6
29.67
29.79
29.85
29.62
29.81
29.38
28.96
28.25
27.9
27.75
29
29.84
29.94
29.62
29.67
29.13
29.32
28.12
27.82
26.7
27.07
27.21
27.64
28.33
25.32
24.31
26.75
27.93
27.29
27
27.22
27.89
27.73
26.95
27.44
27.57
27.33
27.44
27.41
27.46
27.66
27.95
28.55
28.9
28.99
27.34
26.67
26.08
25.07
25.23
25.18
26.1
27.53
28.21
28.3
25.5
23.91
25.22
26.36
26.12
25.59
25.65
24.75
24.4
24.34
24.31
24.71
23.2
21.91
21.43
21.6
20.83
21.44
22.37
22.93
21.74
21.24
22.84
22.54
21.17
21.59
22.61
21.37
20.26
19.97
20.3
21.98
23.05
22.03
22.64
20.83
19.87
18.84
19.88
18.95
18.51
17.59
18.19
17.78
18.32
19.59
20.21
20.89
18.77
18.23
16.91
16.62
17.69
19.45
16.35
15.26
15.05
16.23
17.4
17.99
16.18
15.38
15.58
14.01
11.93
12.33
13.96
16.59
17.27
11.88
10.38
10.89
11.65
10.71
10.45
10.49
10.8
10.97
10.97
10.94
11.7
12.45
13.02
13.22
16.22
15.12
13.2
12.91
11.05
10.08
9.37
10.44
12.64
12.16
12.46
13.6
11.73
12.5
14.08
9.17
7.82
7.53
9.2
9.41
9.22
8.66
8.67
8.52
8.29
9.3
10.52
9.7
8.94
7.73
8.28
8.59
8.96
9.76
10.23
9.2
8.54
7.6
8.45
8.44
8.32
7.88
8.72
10
10.74
9.22
9.1
9.92
10.8
11.9
12.3
12.19
11.78
10.51
9.66
10.24
11
10.67
10.47
10.03
10.6
11.36
11.45
11.72
12.2
12.88
12.88
12.76
14.62
15.71
16.66
15.3
14.97
12.74
12.9
12.5
12.23
13.42
14.88
15.06
14.86
14.44
14.93
14.7
15.34
15.08
15.96
16.25
16.19
16.19
16.61
16.38
16.6
16.96
17.49
17.41
16.75
17.11
15.68
15.09
14.34
14.7
16.43
17.96
16.19
15.49
16.94
15.49
15.43
17.22
18.48
17.74
16.7
16.29
17.05
17.89
18.88
19.05
18.22
17.99
17.53
19.73
18.42
18.02
18.26
18.07
18.54
19.74
19.58
19.66
19.89
19.88
19.88
19.91
20.25
21.01
22
21.95
21.11
21.06
20.75
20.68
20.21
19.45
19.43
20.1
20.19
20.47
20.69
21.07
21.51
22.11
22.82
22.14
22.1
21.12
20.45
20.78
20.49
19.91
19.56
20.24
21.4
22.46
22.36
23.45
24.56
24.71
23.99
23.23
23.3
23.42
23.45
23.51
23.47
23.43
23.42
23.39
23.24
23.22
22.8
23.72
24.03
24.33
24.5
24.57
24.7
25.18
25.77
26.15
26.38
26.38
26.45
26.51
26.62
26.84
27.01
26.97
27.02
27.1
27.23
27.06
27.16
27.05
27.56
28.07
28.05
28.23
28.84
29.03
28.36
27.89
27.99
28.36
28.7
29.04
28.38
27.16
27.7
28.17
28.21
28.29
28.54
28.76
28.84
28.91
29.12
29.13
28.33
28.5
28.88
27.65
28.42
28.92
29.12
29.03
29.11
29.1
29.19
29.28
29.36
29.15
29.57
29.96
30.09
29.72
29.26
28.53
28.45
28.04
28.37
28.17
27.77
27.06
26.44
26.29
27.12
28.18
28.53
28.47
28.26
28.12
28.28
28.46
28.22
27.57
26.72
26.35
26.95
27.92
28.4
28.58
29.27
29.15
26.91
26.01
26.5
27.12
26.29
26.25
26.4
26.23
26.07
27.07
27.52
27.5
27.21
26.94
27.24
26.09
25.22
24.54
24.45
23.88
23.37
23.28
23.63
23.76
24.21
25.15
25.66
23.47
22.58
22.56
22.73
23.02
23.35
21.48
22.29
23.82
24.83
25.52
24.98
25
23.11
21.67
21.56
21.71
22.27
22.61
23.25
23.25
23.48
23.5
22.82
22.96
23.61
24.02
22.74
22.05
22.3
21.67
21.61
21.4
20.73
19.61
19.69
18.93
18.4
18.39
18.14
18.31
19.08
18.11
15.87
15.33
15.79
17.58
16.61
15.81
15.3
14.65
16.01
16.22
15
13.94
13.28
13.79
14.29
14.24
13.39
13.29
12.26
11.11
10.27
11.09
12.76
12.01
11.37
10.5
9.78
11.68
10.66
7.75
7.09
7.85
8.86
9.27
7.6
8.45
8.44
8.32
7.88
8.72
10
10.74
9.22
9.1
9.92
10.8
11.9
12.3
12.19
11.78
10.51
9.66
10.24
11
10.67
10.47
10.03
10.6
11.36
11.45
11.72
12.2
12.88
12.88
12.76
14.62
15.71
16.66
15.3
14.97
12.74
12.9
12.5
12.23
13.42
14.88
15.06
14.86
14.44
14.93
14.7
15.34
15.08
15.96
16.25
16.19
16.61
16.38
16.6
16.96
17.49
17.41
16.75
17.11
15.68
15.09
14.34
14.7
16.43
17.96
16.19
15.49
16.94
15.49
15.43
17.22
18.48
17.74
16.7
16.29
17.05
17.89
18.88
19.05
18.22
17.99
17.53
19.73
18.42
18.02
18.26
18.07
18.54
19.74
19.58
19.66
19.89
19.88
19.88
19.91
20.25
21.01
22
21.95
21.11
21.06
20.75
20.68
20.21
19.45
19.43
20.1
20.19
20.47
20.69
21.07
21.51
22.11
22.82
22.14
22.1
21.12
20.45
20.78
20.49
19.91
19.56
20.24
21.4
22.46
22.36
23.45
24.56
24.71
23.99
23.23
23.3
23.42
23.45
23.51
23.47
23.43
23.42
23.39
23.24
23.22
22.8
23.72
24.03
24.33
24.5
24.57
24.7
25.18
25.77
26.15
26.38
26.38
26.45
26.51
26.62
26.84
27.01
26.97
27.02
27.1
27.23
27.06
27.16
27.05
27.56
28.07
28.05
28.23
28.84
29.03
28.36
27.89
27.99
28.36
28.7
29.04
28.38
27.16
27.7
28.17
28.21
28.29
28.54
28.76
28.84
28.91
29.12
29.13
28.33
28.5
28.88
27.65
28.42
28.92
29.12
29.03
29.11
29.1
29.19
29.28
29.36
29.15
29.57
29.96
30.09
29.72
29.26
28.53
28.45
28.04
28.37
28.17
27.77
27.06
26.44
26.29
27.12
28.18
28.53
28.47
28.26
28.12
28.28
28.46
28.22
27.57
26.72
26.35
26.95
27.92
28.4
28.58
29.27
29.15
26.91
26.01
26.5
27.12
26.29
26.25
26.4
26.23
26.07
27.07
27.52
27.5
27.21
26.94
27.24
26.47
26.01
26.37
26.01
24.53
23.98
22.95
22.71
21.81