20090901
20170831
21.9
23.38
21.85
22.51
22.85
23.7
24.14
24.6
25.1
23.82
23.46
22.65
22.1
21.02
21.74
21.56
21.19
21.62
21.55
21.76
22.59
20.64
18.9
17.84
18.04
19.61
20.1
19.53
17.89
19.25
20.97
17.73
17.1
17.22
17.18
17.74
16.06
17.99
15.15
14.14
13.75
15.11
16.07
15.97
15.29
14.92
14.32
14.09
16.33
17.62
17.44
15.87
14.25
14.03
15.27
14.23
13.86
14.21
15.48
13.51
13.01
13.26
13.47
13.8
13.75
14.26
15.04
15.89
16.02
16.24
15.22
15.16
15.13
15.92
15.63
14.65
11.54
10.61
9.69
10.74
12.64
12.99
11.65
11.45
10.4
9.16
8.6
9.31
11.05
10.24
8.41
7.66
7.36
5.65
4.02
4.54
6.19
4.89
5.46
2.22
1.33
1.94
5.25
8.28
6.43
3.26
3.55
4.75
5.14
4.48
4.34
5.77
7.9
8.64
4.66
4.21
4.13
3.99
3.61
3.44
3.63
3.29
2.53
2.31
2.27
1.87
2.1
2.67
0.71
-0.52
-0.88
-0.56
0.31
0.56
2.13
5.6
6.14
6.44
6.29
6.74
7.18
7.4
7.72
8.13
9.17
7.41
6.27
5.46
8.26
5.3
3.67
3.54
3.52
3.58
3.29
3.11
3.83
5.84
4.62
4.82
4.68
2.96
2.64
3.06
3.95
5.65
3.71
3.33
3.46
4.09
5.7
6.91
7.03
6.91
4.56
4.91
4.86
5.59
4.84
6.13
6.72
6.21
6.13
6.38
7.75
10.08
11
10.97
10.5
11.48
10.43
10.21
10.07
10.3
9.42
10.33
10.28
9.28
9.82
11.42
6.45
5.5
7.42
9.89
11.74
10.89
10.47
10.77
10.42
11.13
13.18
15.4
16.49
16.06
14.04
16.13
17.18
18.24
14.33
12.76
13.42
15.35
16.65
17.04
16.62
16.75
16.86
16.57
14.68
14
14.25
14.3
16.19
16.83
17.84
16.92
16.46
14.83
14.24
14.96
17.83
18.13
16.15
16.57
15.33
16.29
17.81
18.46
18.56
16.47
15.67
16.89
17.84
19.18
17.1
15.76
16.82
17.93
17.94
18.09
19.03
19.42
19.42
20.94
21.88
22.12
21.68
21.8
21.82
22.06
22.06
22.45
22.62
23.59
23.86
23.34
23.62
24.04
24.38
24.11
25.25
24.65
24.19
25.17
25.58
25.83
23.48
22.74
24.24
25.13
25.77
26.01
26.16
26.04
26.47
26.32
26.44
26.2
26.57
26
24.83
25.08
24.63
24.75
24.9
24.42
24.55
25.18
25.61
25.3
24.88
24.43
24.54
25.58
24.96
25.97
26.69
26.83
26.98
27.08
26.82
26.8
26.93
26.75
26.59
27.02
26.96
26.53
26.19
25.46
25.8
26.06
26.06
26.29
26.96
26.79
26.68
26.82
26.86
26.74
27.1
27.24
27.32
27.31
27.45
27.74
28.11
28.25
27.94
27.7
27.47
27.4
27.37
28.63
28.38
28.43
28.51
25.59
24.24
23.67
23.84
24.14
25.42
26.62
27.16
25.96
25.43
22.59
21.32
22.36
24.75
24.32
23.48
24.15
25.75
25.49
24.58
24.78
25.4
25.54
25.5
25.17
25.12
24.98
24.73
24.83
24.98
24.93
24.94
23.82
21.81
19.88
20.25
20.38
20.35
19.94
19.54
17.97
17.11
17.39
18.15
19.05
19.09
19.12
19.64
19.13
18.66
18.31
16.86
17.49
17.62
17.36
18.03
18.79
18.05
17.91
17.79
18.22
18.1
17.43
17
15.67
14.17
13.69
14.36
15.25
14.84
14.67
14.47
13.56
11.88
11.89
12.88
14.4
15.45
15.45
16.23
15.66
12.96
11.71
12.14
12
11.52
10.4
10.47
12.62
14.96
15.85
13.19
15.58
10.68
8.56
8.79
9.88
11.78
8.51
7.68
8.22
9.14
9.61
7.56
6.4
6.95
7.98
7.76
8.24
9.02
6.01
5.33
6.28
8.01
8.02
7.9
7.49
7.33
9.61
9.46
8.1
7.45
7.82
6
3.93
4.79
6
9.03
11.02
9.07
4.93
3.55
5.24
6.06
5.25
6.1
7.08
5.59
5.24
4.65
2.16
1.66
2.43
3.65
5.05
5.89
6.42
6.4
5.79
3.95
2.67
4.51
4.4
3.92
5.83
4.91
5.42
7.79
8.18
6.66
7.11
3.4
3.04
2.81
2.98
2.95
3.23
3.97
3.98
1.88
1.53
1.96
3.69
5.24
6.3
8.28
9.78
12.51
12.5
13.74
14.55
11.84
9.9
12.79
13.71
9.13
9.8
13.61
11.34
10.52
11.03
11.76
12.34
9.78
9.47
10.88
12.1
11.27
10.86
11.63
13.14
13.08
10.77
10.57
13.19
16.35
16.53
16.58
17.84
17.34
17.99
15.99
14.81
16.72
14.82
11.82
11.82
11.47
10.97
12.55
14.92
16.35
19.9
16.58
15.36
18.33
19.77
20.94
22.09
22.15
20.16
19.22
19.95
21.43
17.58
17.81
18.51
22.31
23.43
18.81
17.97
22.17
18.84
16.21
17.49
16.92
15.97
16.39
17.72
19.01
14.67
13.41
14.77
16.41
17.43
18.17
20.88
22.33
23.61
22.67
20.74
20.69
19.48
18.32
18.09
18.42
18.73
20.32
21.65
20.01
21.52
23.51
23.47
22.96
21.66
20.89
21.96
24.33
25.12
24.87
25.01
25.32
25.34
25.81
25.84
26.1
26.8
27.63
28.1
28.36
27.83
28.15
28.65
29.58
29.58
27.71
28.45
30.01
30.99
30.71
31.22
30.19
29.88
30.38
31.59
32.35
32.84
33.23
32.2
29.31
30.01
31.26
32.66
33.27
34.26
35.27
35.89
36.01
36.33
36
35.14
34.23
32.87
30.23
30.32
31.47
32.24
32.25
32.75
33.01
33.43
33.4
33.57
33.81
34.39
33.19
33.52
35.02
35.16
34.37
34.76
35.42
35.7
36.02
36.42
36.63
37
37.17
35.01
36.62
36.39
34.58
28.54
28.96
28.44
29.32
29.53
30.04
29.79
30.36
29.95
29.98
29.15
29.96
30.42
30.56
30.35
29.7
30.18
30.56
30.1
30.04
30.66
30.78
30.3
30.51
28.09
26.72
25.69
24.87
26.08
25.51
26.04
26.7
27.09
28.98
28.43
23.46
20.96
23.38
24.53
23.21
22.64
23.43
20.87
19.9
21.47
22.07
21.86
22.72
23.54
24.36
23.36
21.76
21.81
22.4
22.85
21.92
24.42
24.53
23.09
20.02
19.96
19.84
20.97
19.59
19.02
19.49
19.9
19.76
17.68
15.9
15.21
15.68
17.11
18.04
17.79
18.8
18.54
15.26
14.59
13.57
14.15
14.01
15.56
15.55
12.91
11.54
12.61
15.25
17.1
16.19
13.71
12.54
12.06
12.8
14.2
14.7
14.86
12.94
10.88
11.54
14.29
12.31
11.23
11.38
10.88
10.77
12.77
12.05
8.59
7.34
7.66
7.48
8.75
8.64
10.32
8.88
6.84
5.48
4.29
5.06
5
4.77
4.99
6.9
8.46
11.29
9.05
7.31
6.31
7.53
9.51
8.55
7.35
6.66
5.83
4.69
5.23
7.14
6.23
5.6
6.1
7.19
7.09
7.16
7.09
7.12
5.37
4.99
5.8
5.73
6.38
7.37
7.92
7.2
7.4
6.16
4.06
3.54
4.16
5.04
9.41
6.62
4.4
5.47
5.97
5.01
7.32
6.98
7.03
8.11
7.48
7.35
6.74
5.86
7.4
10.58
8.61
8.93
11.95
9.08
7.61
6.91
8.24
6.83
5.57
6.47
3.4
2.91
4.19
5.18
8.69
8.67
9.36
9.08
8.74
8.44
7.99
8.99
10.18
9.17
8.48
10.2
10.89
10.89
12.15
11.51
11.29
11.97
10.6
10.41
11.98
13.19
14.66
10.62
9.32
9.28
10.68
12.8
14.12
16.22
17.28
17.3
17.78
17.31
15.76
15.07
14.39
13.48
13.87
14.65
15.55
16.27
17.06
17.34
18.17
18.41
18.96
19.66
20.23
17.7
17.37
16.35
16.27
16.76
16.6
17.32
17.85
17.74
17.57
18.04
18.85
18.15
16.26
16.01
16.63
17.71
16.66
15
14.85
14.17
15.64
18.42
19.36
20.92
20.05
20.12
20.56
20.92
21.68
22.67
22.38
22.47
23.18
20.74
19.86
19.3
19.71
18.4
18.45
18.88
18.75
18.36
20.59
21.07
21.16
22.22
20.22
20.05
20.48
22.05
23.53
24.39
24.46
24.14
24.75
24.25
23.59
22.64
21.06
21.6
23.43
24.42
24.32
22.85
22.17
22.1
22.93
24.43
25.18
24.53
23.26
24.46
25.17
25.56
25.69
25.84
25.9
25.77
24.81
25.42
25.96
25.93
26.26
26.72
27.07
26.71
26.87
26.96
26.76
26.83
27.37
27.55
27.67
27.74
27.45
26.87
26.06
25.6
26.1
26.28
26.62
26.98
26.75
27.19
27.83
28.33
29.03
29.47
29.27
29.46
29.69
29.83
30.49
30.22
29.91
30.14
30.36
30.81
31.34
31.99
32.63
32.86
32.91
32.3
32.17
30.61
30.21
30.45
29.78
28.72
30.22
29.49
28.1
30.01
27.38
26.88
24.54
24.14
25
25.5
25.38
24.76
25.73
27.23
25.89
26.46
26.84
25.54
25.72
26.93
27.26
27.68
28.28
28.27
28.16
28.27
27.78
24.79
24.21
24.43
24.41
25.34
22.32
20.47
20.58
21.21
22.27
22.61
22.17
23.67
24.59
24.54
24.16
24.62
26.37
24.47
22.5
22.34
22.07
21.52
20.7
20.85
20.43
19.91
18.88
16.63
16.07
15.5
16.58
16.97
18.18
19.58
20.12
19.35
18.76
19.16
19.72
17.76
16.89
17.19
19.41
20.12
20.27
20.31
19.26
16.49
15.01
14.14
14.07
14.59
15.36
15.74
16.51
16.56
15.55
15.46
14.87
14.85
15.54
17.47
18
16.23
12.51
11.39
11.34
11.17
11.42
10.99
11.95
13.87
13.75
13.68
15.09
13.83
11.3
11.76
11.39
10.48
10.06
11.58
12.41
14.11
13.75
15.49
14.27
12.14
12.68
12.66
12.69
11.46
8.78
7.12
7.12
8.9
10.05
10.53
10.35
9.34
8.73
9.93
8.76
7.01
7.63
8.12
7.07
6.24
5.32
5.09
5.07
4.47
3.6
5.09
4.49
4.58
5.95
5.12
4.6
5.96
8.03
9.87
10.05
8.53
5.14
4.14
3.55
3.56
4.72
5.25
6.22
6.62
6.02
6.79
7.78
7.59
6.49
6.42
9.44
12.64
13.16
9.35
7.74
6.86
7.59
8.04
10.84
9.5
10.48
11.7
9.58
7.92
10.37
9.09
7.38
8.48
8.82
8.17
7.99
9.03
10.77
8.64
6.28
6.02
6.03
5.85
7.45
6.87
7.59
7.62
7.27
6.56
7.09
8.56
11.48
9.54
8.13
10.25
10.8
11.88
9.29
9.23
9.34
10.52
12.23
14.09
16.06
11.72
12.73
10.98
12.48
11.27
10.48
9.85
9.9
8.86
8.96
11.1
13.49
14.52
16.77
16.09
15.22
9.37
8.32
9.76
11.68
14.85
14.44
17.67
17.9
10.37
11.85
13.17
14.95
17.3
18.89
15.91
16.8
13.46
13.46
14.88
16.24
17
13
13.08
14
15.38
15.44
16.44
18.45
19.36
19.46
13.64
13.86
13.7
14.18
15.21
17
18.25
17.81
18.52
17.99
17.97
19.52
20.66
18.97
18.34
19.5
21.97
22.2
21.76
18.56
19.03
19.73
21.05
20.91
21.73
22.39
22.5
21.86
21.96
22.9
22.77
21.62
21.72
22.9
22.95
22.46
21.9
21.83
22.99
24.25
24.95
25.64
25.71
25.72
24.53
25.38
24.46
24.26
23.86
25.52
25.7
25.85
26.15
26.18
26.26
26.55
26.84
26.57
25.66
24.89
23.55
23.01
23.11
23.6
24.29
25.22
25.97
26.16
27.17
26.82
26.92
26.23
26.6
23.57
22.42
23.72
24.41
24.81
25.13
25.42
25.88
26.47
27.06
25.66
25.16
24.45
24.27
24.47
25.26
25.62
25.9
25.88
26.49
26.48
26.82
26.96
27.11
26.78
26.28
25.94
25.4
25.46
26.33
24.92
24.59
24.28
23.47
23.38
23.38
23.82
24.2
24.19
24.75
25.42
25.49
25.88
25.64
24.71
25.41
26.06
26.45
26.55
26.15
26.22
24.73
25.17
25.71
26.11
26.45
26.43
26.12
25.98
25.82
25.92
25.32
24.58
25.12
25.64
24.89
25.13
24.95
22.39
21.24
21.21
21.42
22.32
22.36
23.78
23.91
21.44
19.67
19.95
21.02
22.35
24.24
24.32
19.23
17.77
17.57
17.67
18.53
19.36
21.42
20.71
20.21
19.82
18.07
16.53
15.94
14.02
13.86
14.48
14.35
14.51
15.1
14.56
13.9
14.54
16.08
16.01
18.59
18.95
17.78
15.17
13.76
12.93
14.8
15.84
13.45
11.91
12.31
13.67
14.1
14.74
10.77
8.62
9.48
11.6
14.5
14.97
12.66
12.75
12.94
13.36
8.21
7.73
5.98
6.18
7.35
5.27
5.62
6.12
8.21
8.64
8.95
9.45
7.9
4.85
3.74
3.24
3.87
3.42
2.61
2.67
2.74
5.34
5.17
4.39
5.1
5.45
6.33
9.64
7.02
4.86
4.51
2.78
3.9
4.06
3.64
3.93
5.15
4.11
2.54
3.16
4.44
2.66
3.04
5.25
2.34
0.34
1.67
2.67
3.63
5.71
4.97
6.63
6.88
4.86
4.78
5.8
5.64
6.25
5.7
4.04
5.28
6.47
7.12
6.31
6.2
5.59
7.71
8.57
8.34
6.52
6.12
4.61
4.64
4.65
5.88
6.1
6.11
6.83
6.08
4.25
4.84
4.7
5.01
6.46
6.28
6.59
7.08
8.54
9.66
9.76
9.29
8.25
6.83
7.85
8.67
7.2
7.41
9.12
8.45
7.76
8.08
8.9
10.52
9.8
9.53
10.7
11.13
11.54
10.19
10.36
10.85
11.3
10.81
11.66
13.18
12.45
13.03
12.99
12.26
11.37
11.96
11.91
12.15
12.16
11.42
11.23
11.91
12.37
13.64
14.68
15.54
13.92
14.09
14.16
14.74
17.14
16.18
17.13
17.8
15.96
16.22
16.48
17.17
18.49
17.78
16.76
16.66
16.59
17.05
16
16.8
18.67
16.56
15.4
15.98
15.71
15.21
15.93
18
18.83
16.76
14.54
14.66
15.47
16.47
17.28
18.81
19.02
19.03
19.36
18.85
19.28
18.7
18.25
17.96
18.23
18.72
20.12
20.96
20.4
19.83
21.16
21.69
22.04
21.41
21.47
22.06
22.96
23.01
23.1
23.51
23.89
23.61
23.62
26.21
26.3
24.7
24.38
23.4
24.07
24.24
25.46
25.07
25.96
26.4
26.11
26.69
27.3
27.68
25.7
26.78
26.97
26.69
26.5
27.26
27.4
27.03
27.69
27.43
27.68
27.27
26.55
25.33
25.36
25.64
26.82
27.36
27.77
27.84
27.5
28.67
28.86
28.64
28.51
26.96
26.37
24.81
24.43
24.71
26.21
27.62
28.6
29.3
29.69
29.73
29.76
30.16
29.89
28.01
28.93
26.37
26.07
27.51
28.02
28.42
28.74
28.64
29.02
29.16
29.81
30.46
29.62
28.45
27.66
28.24
28.65
29.25
27.82
29.06
29.56
29.63
28.93
26.83
27.71
28.11
27.21
26.82
26.34
26.24
26.7
27.19
27.7
28.12
27.63
27.32
25.94
24.86
24.93
25.52
25.21
25.33
25.26
25.93
26
25.86
26.36
26.14
24.71
24.04
24.48
24.93
24.38
23.25
23.17
22.35
22.09
22.91
22.75
22.48
22.17
21.74
21.47
21.22
20.91
21.23
21.53
21.43
19.51
20.11
20.39
19.95
19.23
19.65
20.13
20.12
19.37
18.57
18.35
18.02
17.69
16.58
16.19
15.91
15.98
16.47
17.12
16.82
16.71
16.69
15.67
14.92
15.28
15.82
15.68
15.19
14.66
13.44
13.3
13.45
13.53
13.96
14.3
14.28
14.03
14.34
13.08
11.93
9.98
10.59
10.62
9.9
8.72
9.69
10.14
11.67
11.61
11.3
10.5
9.41
9.04
7.65
8.22
9.5
9.78
8.36
8.17
9.01
9.16
8.62
7.82
7.41
8.17
7.45
7.16
8.01
8.01
9.25
10.28
9.18
8.11
7.62
8.16
9.3
8.75
8.16
8.06
7.15
6.98
6.3
6.94
6.34
6.17
6.29
6.24
5.46
4.22
4.68
4.25
4.13
5.23
5.25
5.56
5.92
6.7
7.1
6.62
6.43
6.71
6.61
7.35
7.27
8.45
8.92
9.18
8.35
8.23
8.13
6.11
6.53
6.19
5.67
6.33
8.08
8.87
9.54
9.65
9.11
8.16
8.21
9.09
8.58
6.74
6.5
6.57
6.43
6.96
8.43
6.28
4.33
5.38
6.61
5.52
3.56
4.03
4.28
4.76
6.69
5.64
5.12
5.52
6.92
8.88
9.01
10.12
10.64
11.22
10.77
11.53
12.24
12.89
13.09
12.9
12.57
12.24
12.32
14
14.4
15.78
15.15
13.54
13.18
13.91
15.04
15.15
16.91
17.79
18.91
16.91
16.33
14.33
17.4
20.34
19.88
20.37
18.12
17.46
19.92
17.08
15.35
17.73
17.96
18.9
19.32
17.94
16.86
17.89
17.23
16.89
18.08
19.55
19.42
16.04
15.09
16.76
17.41
18.18
19.26
19.56
20.53
18.62
19.15
19.41
19.2
19.02
19.88
18.74
18.11
17.12
19.95
20.77
20.9
21.69
22.1
20.66
18.96
18.92
17.39
18.21
18.27
19.1
19.92
20.64
20.97
20.88
20.18
19.68
20.49
22.27
23.26
23.92
24.22
24.11
25.17
24.36
24.63
25.1
25.64
25.61
23.4
24.15
23.84
23.8
23.05
23.14
24.58
25.84
25.44
26.04
25.96
25.98
26.23
26.01
24.99
24.44
24.78
25.17
26.12
25.87
24.82
25.37
26.1
26.28
24.46
23.61
23.99
24.98
25.61
25.99
26.34
26.63
26.44
26.12
26.36
26.76
26.72
26.72
25.51
25.3
26.76
26.87
26.81
26.88
27.01
27.07
26.83
27.03
26.59
26.16
25.44
25.08
24.94
26.2
27.06
27.16
26.84
26.89
26.34
26.53
25.31
25
23.87
24.25
24.38
24.82
25.52
22.47
21.44
23.92
25.12
24.47
24.17
24.4
25.08
24.92
24.12
24.62
24.75
24.51
24.62
24.59
24.64
24.84
25.13
25.75
26.1
26.19
24.52
23.84
23.24
22.21
22.37
22.32
23.26
24.71
25.4
25.5
22.65
21.03
22.36
23.53
23.28
22.74
22.8
21.89
21.53
21.47
21.44
21.84
20.31
19
18.51
18.69
17.91
18.53
19.46
20.03
18.83
18.32
19.94
19.64
18.25
18.67
19.72
18.45
17.32
17.03
17.36
19.08
20.16
19.12
19.75
17.91
16.93
15.88
16.94
16
15.54
14.61
15.22
14.81
15.36
16.65
17.27
17.97
15.81
15.26
13.92
13.63
14.72
16.51
13.35
12.25
12.03
13.23
14.42
15.02
13.18
12.37
12.57
10.98
8.86
9.27
10.93
13.6
14.29
8.81
7.29
7.81
8.58
7.62
7.36
7.4
7.71
7.89
7.89
7.86
8.63
9.4
9.97
10.17
13.23
12.1
10.16
9.86
7.97
6.99
6.27
7.35
9.58
9.1
9.41
10.56
8.66
9.45
11.05
6.05
4.69
4.39
6.09
6.3
6.11
5.55
5.55
5.4
5.16
6.19
7.43
6.6
5.82
4.6
5.15
5.47
5.84
6.66
7.14
6.09
5.42
4.47
5.33
5.32
5.2
4.75
5.61
6.9
7.65
6.11
5.99
6.82
7.72
8.84
9.24
9.12
8.71
7.42
6.56
7.15
7.92
7.58
7.38
6.93
7.52
8.28
8.37
8.65
9.14
9.83
9.83
9.71
11.6
12.7
13.67
12.29
11.95
9.69
9.85
9.44
9.17
10.38
11.86
12.05
11.84
11.41
11.91
11.67
12.32
12.07
12.95
13.25
13.19
13.19
13.61
13.39
13.61
13.98
14.51
14.43
13.76
14.13
12.68
12.07
11.31
11.68
13.44
14.99
13.19
12.48
13.95
12.48
12.42
14.24
15.51
14.76
13.71
13.29
14.07
14.92
15.93
16.09
15.25
15.02
14.55
16.79
15.46
15.05
15.29
15.1
15.58
16.79
16.64
16.71
16.95
16.94
16.94
16.97
17.31
18.09
19.09
19.04
18.19
18.14
17.83
17.75
17.27
16.5
16.48
17.16
17.26
17.54
17.77
18.14
18.6
19.21
19.92
19.24
19.19
18.2
17.52
17.86
17.56
16.97
16.62
17.3
18.49
19.56
19.46
20.57
21.69
21.84
21.11
20.35
20.41
20.54
20.56
20.62
20.58
20.55
20.54
20.51
20.35
20.34
19.91
20.84
21.15
21.46
21.63
21.71
21.84
22.33
22.93
23.31
23.55
23.54
23.61
23.67
23.78
24.01
24.18
24.14
24.19
24.28
24.4
24.23
24.34
24.22
24.74
25.26
25.24
25.42
26.04
26.23
25.55
25.08
25.18
25.55
25.9
26.24
25.58
24.33
24.89
25.36
25.4
25.48
25.73
25.96
26.04
26.11
26.32
26.33
25.53
25.7
26.08
24.83
25.61
26.12
26.32
26.23
26.31
26.31
26.4
26.49
26.57
26.36
26.79
27.18
27.31
26.93
26.46
25.73
25.64
25.23
25.57
25.36
24.95
24.23
23.6
23.45
24.29
25.38
25.73
25.66
25.45
25.31
25.47
25.66
25.42
24.75
23.89
23.52
24.12
25.11
25.6
25.78
26.48
26.36
24.08
23.17
23.66
24.3
23.45
23.41
23.56
23.39
23.22
24.24
24.7
24.68
24.38
24.11
24.42
23.24
22.37
21.68
21.58
21.01
20.48
20.39
20.75
20.88
21.34
22.29
22.81
20.59
19.68
19.66
19.83
20.13
20.46
18.57
19.39
20.94
21.97
22.67
22.12
22.14
20.22
18.76
18.65
18.8
19.37
19.72
20.36
20.36
20.6
20.61
19.93
20.06
20.73
21.14
19.84
19.14
19.39
18.75
18.7
18.48
17.8
16.66
16.74
15.97
15.44
15.42
15.17
15.35
16.12
15.14
12.87
12.32
12.79
14.6
13.62
12.8
12.29
11.63
13.01
13.22
11.98
10.91
10.24
10.75
11.26
11.21
10.34
10.25
9.2
8.03
7.18
8.01
9.71
8.94
8.3
7.41
6.68
8.61
7.57
4.62
3.94
4.72
5.75
6.16
4.47
5.33
5.32
5.2
4.75
5.61
6.9
7.65
6.11
5.99
6.82
7.72
8.84
9.24
9.12
8.71
7.42
6.56
7.15
7.92
7.58
7.38
6.93
7.52
8.28
8.37
8.65
9.14
9.83
9.83
9.71
11.6
12.7
13.67
12.29
11.95
9.69
9.85
9.44
9.17
10.38
11.86
12.05
11.84
11.41
11.91
11.67
12.32
12.07
12.95
13.25
13.19
13.61
13.39
13.61
13.98
14.51
14.43
13.76
14.13
12.68
12.07
11.31
11.68
13.44
14.99
13.19
12.48
13.95
12.48
12.42
14.24
15.51
14.76
13.71
13.29
14.07
14.92
15.93
16.09
15.25
15.02
14.55
16.79
15.46
15.05
15.29
15.1
15.58
16.79
16.64
16.71
16.95
16.94
16.94
16.97
17.31
18.09
19.09
19.04
18.19
18.14
17.83
17.75
17.27
16.5
16.48
17.16
17.26
17.54
17.77
18.14
18.6
19.21
19.92
19.24
19.19
18.2
17.52
17.86
17.56
16.97
16.62
17.3
18.49
19.56
19.46
20.57
21.69
21.84
21.11
20.35
20.41
20.54
20.56
20.62
20.58
20.55
20.54
20.51
20.35
20.34
19.91
20.84
21.15
21.46
21.63
21.71
21.84
22.33
22.93
23.31
23.55
23.54
23.61
23.67
23.78
24.01
24.18
24.14
24.19
24.28
24.4
24.23
24.34
24.22
24.74
25.26
25.24
25.42
26.04
26.23
25.55
25.08
25.18
25.55
25.9
26.24
25.58
24.33
24.89
25.36
25.4
25.48
25.73
25.96
26.04
26.11
26.32
26.33
25.53
25.7
26.08
24.83
25.61
26.12
26.32
26.23
26.31
26.31
26.4
26.49
26.57
26.36
26.79
27.18
27.31
26.93
26.46
25.73
25.64
25.23
25.57
25.36
24.95
24.23
23.6
23.45
24.29
25.38
25.73
25.66
25.45
25.31
25.47
25.66
25.42
24.75
23.89
23.52
24.12
25.11
25.6
25.78
26.48
26.36
24.08
23.17
23.66
24.3
23.45
23.41
23.56
23.39
23.22
24.24
24.7
24.68
24.38
24.11
24.42
26.14
25.96
26.55
26.32
24.45
23.7
22.39
22.14
21.33