MMDDHH	SIN_mg/cm3/h	STP_oC	SWC	SWP_MPa	pH
010101	240	25	0.245	-0.000726	7.3
010102	0	25	0.245	-0.000726	7.3
010103	0	25	0.245	-0.000726	7.3
010104	0	25	0.245	-0.000726	7.3
010105	0	25	0.245	-0.000726	7.3
010106	0	25	0.245	-0.000726	7.3
010107	0	25	0.245	-0.000726	7.3
010108	0	25	0.245	-0.000726	7.3
010109	0	25	0.245	-0.000726	7.3
010110	0	25	0.245	-0.000726	7.3
010111	0	25	0.245	-0.000726	7.3
010112	0	25	0.245	-0.000726	7.3
010113	0	25	0.245	-0.000726	7.3
010114	0	25	0.245	-0.000726	7.3
010115	0	25	0.245	-0.000726	7.3
010116	0	25	0.245	-0.000726	7.3
010117	0	25	0.245	-0.000726	7.3
010118	0	25	0.245	-0.000726	7.3
010119	0	25	0.245	-0.000726	7.3
010120	0	25	0.245	-0.000726	7.3
010121	0	25	0.245	-0.000726	7.3
010122	0	25	0.245	-0.000726	7.3
010123	0	25	0.245	-0.000726	7.3
010124	0	25	0.245	-0.000726	7.3
010201	0	25	0.245	-0.000726	7.3
010202	0	25	0.245	-0.000726	7.3
010203	0	25	0.245	-0.000726	7.3
010204	0	25	0.245	-0.000726	7.3
010205	0	25	0.245	-0.000726	7.3
010206	0	25	0.245	-0.000726	7.3
010207	0	25	0.245	-0.000726	7.3
010208	0	25	0.245	-0.000726	7.3
010209	0	25	0.245	-0.000726	7.3
010210	0	25	0.245	-0.000726	7.3
010211	0	25	0.245	-0.000726	7.3
010212	0	25	0.245	-0.000726	7.3
010213	0	25	0.245	-0.000726	7.3
010214	0	25	0.245	-0.000726	7.3
010215	0	25	0.245	-0.000726	7.3
010216	0	25	0.245	-0.000726	7.3
010217	0	25	0.245	-0.000726	7.3
010218	0	25	0.245	-0.000726	7.3
010219	0	25	0.245	-0.000726	7.3
010220	0	25	0.245	-0.000726	7.3
010221	0	25	0.245	-0.000726	7.3
010222	0	25	0.245	-0.000726	7.3
010223	0	25	0.245	-0.000726	7.3
010224	0	25	0.245	-0.000726	7.3
010301	0	25	0.245	-0.000726	7.3
010302	0	25	0.245	-0.000726	7.3
010303	0	25	0.245	-0.000726	7.3
010304	0	25	0.245	-0.000726	7.3
010305	0	25	0.245	-0.000726	7.3
010306	0	25	0.245	-0.000726	7.3
010307	0	25	0.245	-0.000726	7.3
010308	0	25	0.245	-0.000726	7.3
010309	0	25	0.245	-0.000726	7.3
010310	0	25	0.245	-0.000726	7.3
010311	0	25	0.245	-0.000726	7.3
010312	0	25	0.245	-0.000726	7.3
010313	0	25	0.245	-0.000726	7.3
010314	0	25	0.245	-0.000726	7.3
010315	0	25	0.245	-0.000726	7.3
010316	0	25	0.245	-0.000726	7.3
010317	0	25	0.245	-0.000726	7.3
010318	0	25	0.245	-0.000726	7.3
010319	0	25	0.245	-0.000726	7.3
010320	0	25	0.245	-0.000726	7.3
010321	0	25	0.245	-0.000726	7.3
010322	0	25	0.245	-0.000726	7.3
010323	0	25	0.245	-0.000726	7.3
010324	0	25	0.245	-0.000726	7.3
010401	0	25	0.245	-0.000726	7.3
010402	0	25	0.245	-0.000726	7.3
010403	0	25	0.245	-0.000726	7.3
010404	0	25	0.245	-0.000726	7.3
010405	0	25	0.245	-0.000726	7.3
010406	0	25	0.245	-0.000726	7.3
010407	0	25	0.245	-0.000726	7.3
010408	0	25	0.245	-0.000726	7.3
010409	0	25	0.245	-0.000726	7.3
010410	0	25	0.245	-0.000726	7.3
010411	0	25	0.245	-0.000726	7.3
010412	0	25	0.245	-0.000726	7.3
010413	0	25	0.245	-0.000726	7.3
010414	0	25	0.245	-0.000726	7.3
010415	0	25	0.245	-0.000726	7.3
010416	0	25	0.245	-0.000726	7.3
010417	0	25	0.245	-0.000726	7.3
010418	0	25	0.245	-0.000726	7.3
010419	0	25	0.245	-0.000726	7.3
010420	0	25	0.245	-0.000726	7.3
010421	0	25	0.245	-0.000726	7.3
010422	0	25	0.245	-0.000726	7.3
010423	0	25	0.245	-0.000726	7.3
010424	0	25	0.245	-0.000726	7.3
010501	0	25	0.245	-0.000726	7.3
010502	0	25	0.245	-0.000726	7.3
010503	0	25	0.245	-0.000726	7.3
010504	0	25	0.245	-0.000726	7.3
010505	0	25	0.245	-0.000726	7.3
010506	0	25	0.245	-0.000726	7.3
010507	0	25	0.245	-0.000726	7.3
010508	0	25	0.245	-0.000726	7.3
010509	0	25	0.245	-0.000726	7.3
010510	0	25	0.245	-0.000726	7.3
010511	0	25	0.245	-0.000726	7.3
010512	0	25	0.245	-0.000726	7.3
010513	0	25	0.245	-0.000726	7.3
010514	0	25	0.245	-0.000726	7.3
010515	0	25	0.245	-0.000726	7.3
010516	0	25	0.245	-0.000726	7.3
010517	0	25	0.245	-0.000726	7.3
010518	0	25	0.245	-0.000726	7.3
010519	0	25	0.245	-0.000726	7.3
010520	0	25	0.245	-0.000726	7.3
010521	0	25	0.245	-0.000726	7.3
010522	0	25	0.245	-0.000726	7.3
010523	0	25	0.245	-0.000726	7.3
010524	0	25	0.245	-0.000726	7.3
010601	0	25	0.245	-0.000726	7.3
010602	0	25	0.245	-0.000726	7.3
010603	0	25	0.245	-0.000726	7.3
010604	0	25	0.245	-0.000726	7.3
010605	0	25	0.245	-0.000726	7.3
010606	0	25	0.245	-0.000726	7.3
010607	0	25	0.245	-0.000726	7.3
010608	0	25	0.245	-0.000726	7.3
010609	0	25	0.245	-0.000726	7.3
010610	0	25	0.245	-0.000726	7.3
010611	0	25	0.245	-0.000726	7.3
010612	0	25	0.245	-0.000726	7.3
010613	0	25	0.245	-0.000726	7.3
010614	0	25	0.245	-0.000726	7.3
010615	0	25	0.245	-0.000726	7.3
010616	0	25	0.245	-0.000726	7.3
010617	0	25	0.245	-0.000726	7.3
010618	0	25	0.245	-0.000726	7.3
010619	0	25	0.245	-0.000726	7.3
010620	0	25	0.245	-0.000726	7.3
010621	0	25	0.245	-0.000726	7.3
010622	0	25	0.245	-0.000726	7.3
010623	0	25	0.245	-0.000726	7.3
010624	0	25	0.245	-0.000726	7.3
010701	0	25	0.245	-0.000726	7.3
010702	0	25	0.245	-0.000726	7.3
010703	0	25	0.245	-0.000726	7.3
010704	0	25	0.245	-0.000726	7.3
010705	0	25	0.245	-0.000726	7.3
010706	0	25	0.245	-0.000726	7.3
010707	0	25	0.245	-0.000726	7.3
010708	0	25	0.245	-0.000726	7.3
010709	0	25	0.245	-0.000726	7.3
010710	0	25	0.245	-0.000726	7.3
010711	0	25	0.245	-0.000726	7.3
010712	0	25	0.245	-0.000726	7.3
010713	0	25	0.245	-0.000726	7.3
010714	0	25	0.245	-0.000726	7.3
010715	0	25	0.245	-0.000726	7.3
010716	0	25	0.245	-0.000726	7.3
010717	0	25	0.245	-0.000726	7.3
010718	0	25	0.245	-0.000726	7.3
010719	0	25	0.245	-0.000726	7.3
010720	0	25	0.245	-0.000726	7.3
010721	0	25	0.245	-0.000726	7.3
010722	0	25	0.245	-0.000726	7.3
010723	0	25	0.245	-0.000726	7.3
010724	0	25	0.245	-0.000726	7.3
010801	0	25	0.245	-0.000726	7.3
010802	0	25	0.245	-0.000726	7.3
010803	0	25	0.245	-0.000726	7.3
010804	0	25	0.245	-0.000726	7.3
010805	0	25	0.245	-0.000726	7.3
010806	0	25	0.245	-0.000726	7.3
010807	0	25	0.245	-0.000726	7.3
010808	0	25	0.245	-0.000726	7.3
010809	0	25	0.245	-0.000726	7.3
010810	0	25	0.245	-0.000726	7.3
010811	0	25	0.245	-0.000726	7.3
010812	0	25	0.245	-0.000726	7.3
010813	0	25	0.245	-0.000726	7.3
010814	0	25	0.245	-0.000726	7.3
010815	0	25	0.245	-0.000726	7.3
010816	0	25	0.245	-0.000726	7.3
010817	0	25	0.245	-0.000726	7.3
010818	0	25	0.245	-0.000726	7.3
010819	0	25	0.245	-0.000726	7.3
010820	0	25	0.245	-0.000726	7.3
010821	0	25	0.245	-0.000726	7.3
010822	0	25	0.245	-0.000726	7.3
010823	0	25	0.245	-0.000726	7.3
010824	0	25	0.245	-0.000726	7.3
010901	0	25	0.245	-0.000726	7.3
010902	0	25	0.245	-0.000726	7.3
010903	0	25	0.245	-0.000726	7.3
010904	0	25	0.245	-0.000726	7.3
010905	0	25	0.245	-0.000726	7.3
010906	0	25	0.245	-0.000726	7.3
010907	0	25	0.245	-0.000726	7.3
010908	0	25	0.245	-0.000726	7.3
010909	0	25	0.245	-0.000726	7.3
010910	0	25	0.245	-0.000726	7.3
010911	0	25	0.245	-0.000726	7.3
010912	0	25	0.245	-0.000726	7.3
010913	0	25	0.245	-0.000726	7.3
010914	0	25	0.245	-0.000726	7.3
010915	0	25	0.245	-0.000726	7.3
010916	0	25	0.245	-0.000726	7.3
010917	0	25	0.245	-0.000726	7.3
010918	0	25	0.245	-0.000726	7.3
010919	0	25	0.245	-0.000726	7.3
010920	0	25	0.245	-0.000726	7.3
010921	0	25	0.245	-0.000726	7.3
010922	0	25	0.245	-0.000726	7.3
010923	0	25	0.245	-0.000726	7.3
010924	0	25	0.245	-0.000726	7.3
011001	0	25	0.245	-0.000726	7.3
011002	0	25	0.245	-0.000726	7.3
011003	0	25	0.245	-0.000726	7.3
011004	0	25	0.245	-0.000726	7.3
011005	0	25	0.245	-0.000726	7.3
011006	0	25	0.245	-0.000726	7.3
011007	0	25	0.245	-0.000726	7.3
011008	0	25	0.245	-0.000726	7.3
011009	0	25	0.245	-0.000726	7.3
011010	0	25	0.245	-0.000726	7.3
011011	0	25	0.245	-0.000726	7.3
011012	0	25	0.245	-0.000726	7.3
011013	0	25	0.245	-0.000726	7.3
011014	0	25	0.245	-0.000726	7.3
011015	0	25	0.245	-0.000726	7.3
011016	0	25	0.245	-0.000726	7.3
011017	0	25	0.245	-0.000726	7.3
011018	0	25	0.245	-0.000726	7.3
011019	0	25	0.245	-0.000726	7.3
011020	0	25	0.245	-0.000726	7.3
011021	0	25	0.245	-0.000726	7.3
011022	0	25	0.245	-0.000726	7.3
011023	0	25	0.245	-0.000726	7.3
011024	0	25	0.245	-0.000726	7.3
011101	0	25	0.245	-0.000726	7.3
011102	0	25	0.245	-0.000726	7.3
011103	0	25	0.245	-0.000726	7.3
011104	0	25	0.245	-0.000726	7.3
011105	0	25	0.245	-0.000726	7.3
011106	0	25	0.245	-0.000726	7.3
011107	0	25	0.245	-0.000726	7.3
011108	0	25	0.245	-0.000726	7.3
011109	0	25	0.245	-0.000726	7.3
011110	0	25	0.245	-0.000726	7.3
011111	0	25	0.245	-0.000726	7.3
011112	0	25	0.245	-0.000726	7.3
011113	0	25	0.245	-0.000726	7.3
011114	0	25	0.245	-0.000726	7.3
011115	0	25	0.245	-0.000726	7.3
011116	0	25	0.245	-0.000726	7.3
011117	0	25	0.245	-0.000726	7.3
011118	0	25	0.245	-0.000726	7.3
011119	0	25	0.245	-0.000726	7.3
011120	0	25	0.245	-0.000726	7.3
011121	0	25	0.245	-0.000726	7.3
011122	0	25	0.245	-0.000726	7.3
011123	0	25	0.245	-0.000726	7.3
011124	0	25	0.245	-0.000726	7.3
011201	0	25	0.245	-0.000726	7.3
011202	0	25	0.245	-0.000726	7.3
011203	0	25	0.245	-0.000726	7.3
011204	0	25	0.245	-0.000726	7.3
011205	0	25	0.245	-0.000726	7.3
011206	0	25	0.245	-0.000726	7.3
011207	0	25	0.245	-0.000726	7.3
011208	0	25	0.245	-0.000726	7.3
011209	0	25	0.245	-0.000726	7.3
011210	0	25	0.245	-0.000726	7.3
011211	0	25	0.245	-0.000726	7.3
011212	0	25	0.245	-0.000726	7.3
011213	0	25	0.245	-0.000726	7.3
011214	0	25	0.245	-0.000726	7.3
011215	0	25	0.245	-0.000726	7.3
011216	0	25	0.245	-0.000726	7.3
011217	0	25	0.245	-0.000726	7.3
011218	0	25	0.245	-0.000726	7.3
011219	0	25	0.245	-0.000726	7.3
011220	0	25	0.245	-0.000726	7.3
011221	0	25	0.245	-0.000726	7.3
011222	0	25	0.245	-0.000726	7.3
011223	0	25	0.245	-0.000726	7.3
011224	0	25	0.245	-0.000726	7.3
011301	0	25	0.245	-0.000726	7.3
011302	0	25	0.245	-0.000726	7.3
011303	0	25	0.245	-0.000726	7.3
011304	0	25	0.245	-0.000726	7.3
011305	0	25	0.245	-0.000726	7.3
011306	0	25	0.245	-0.000726	7.3
011307	0	25	0.245	-0.000726	7.3
011308	0	25	0.245	-0.000726	7.3
011309	0	25	0.245	-0.000726	7.3
011310	0	25	0.245	-0.000726	7.3
011311	0	25	0.245	-0.000726	7.3
011312	0	25	0.245	-0.000726	7.3
011313	0	25	0.245	-0.000726	7.3
011314	0	25	0.245	-0.000726	7.3
011315	0	25	0.245	-0.000726	7.3
011316	0	25	0.245	-0.000726	7.3
011317	0	25	0.245	-0.000726	7.3
011318	0	25	0.245	-0.000726	7.3
011319	0	25	0.245	-0.000726	7.3
011320	0	25	0.245	-0.000726	7.3
011321	0	25	0.245	-0.000726	7.3
011322	0	25	0.245	-0.000726	7.3
011323	0	25	0.245	-0.000726	7.3
011324	0	25	0.245	-0.000726	7.3
011401	0	25	0.245	-0.000726	7.3
011402	0	25	0.245	-0.000726	7.3
011403	0	25	0.245	-0.000726	7.3
011404	0	25	0.245	-0.000726	7.3
011405	0	25	0.245	-0.000726	7.3
011406	0	25	0.245	-0.000726	7.3
011407	0	25	0.245	-0.000726	7.3
011408	0	25	0.245	-0.000726	7.3
011409	0	25	0.245	-0.000726	7.3
011410	0	25	0.245	-0.000726	7.3
011411	0	25	0.245	-0.000726	7.3
011412	0	25	0.245	-0.000726	7.3
011413	0	25	0.245	-0.000726	7.3
011414	0	25	0.245	-0.000726	7.3
011415	0	25	0.245	-0.000726	7.3
011416	0	25	0.245	-0.000726	7.3
011417	0	25	0.245	-0.000726	7.3
011418	0	25	0.245	-0.000726	7.3
011419	0	25	0.245	-0.000726	7.3
011420	0	25	0.245	-0.000726	7.3
011421	0	25	0.245	-0.000726	7.3
011422	0	25	0.245	-0.000726	7.3
011423	0	25	0.245	-0.000726	7.3
011424	0	25	0.245	-0.000726	7.3
011501	0	25	0.245	-0.000726	7.3
011502	0	25	0.245	-0.000726	7.3
011503	0	25	0.245	-0.000726	7.3
011504	0	25	0.245	-0.000726	7.3
011505	0	25	0.245	-0.000726	7.3
011506	0	25	0.245	-0.000726	7.3
011507	0	25	0.245	-0.000726	7.3
011508	0	25	0.245	-0.000726	7.3
011509	0	25	0.245	-0.000726	7.3
011510	0	25	0.245	-0.000726	7.3
011511	0	25	0.245	-0.000726	7.3
011512	0	25	0.245	-0.000726	7.3
011513	0	25	0.245	-0.000726	7.3
011514	0	25	0.245	-0.000726	7.3
011515	0	25	0.245	-0.000726	7.3
011516	0	25	0.245	-0.000726	7.3
011517	0	25	0.245	-0.000726	7.3
011518	0	25	0.245	-0.000726	7.3
011519	0	25	0.245	-0.000726	7.3
011520	0	25	0.245	-0.000726	7.3
011521	0	25	0.245	-0.000726	7.3
011522	0	25	0.245	-0.000726	7.3
011523	0	25	0.245	-0.000726	7.3
011524	0	25	0.245	-0.000726	7.3
011601	0	25	0.245	-0.000726	7.3
011602	0	25	0.245	-0.000726	7.3
011603	0	25	0.245	-0.000726	7.3
011604	0	25	0.245	-0.000726	7.3
011605	0	25	0.245	-0.000726	7.3
011606	0	25	0.245	-0.000726	7.3
011607	0	25	0.245	-0.000726	7.3
011608	0	25	0.245	-0.000726	7.3
011609	0	25	0.245	-0.000726	7.3
011610	0	25	0.245	-0.000726	7.3
011611	0	25	0.245	-0.000726	7.3
011612	0	25	0.245	-0.000726	7.3
011613	0	25	0.245	-0.000726	7.3
011614	0	25	0.245	-0.000726	7.3
011615	0	25	0.245	-0.000726	7.3
011616	0	25	0.245	-0.000726	7.3
011617	0	25	0.245	-0.000726	7.3
011618	0	25	0.245	-0.000726	7.3
011619	0	25	0.245	-0.000726	7.3
011620	0	25	0.245	-0.000726	7.3
011621	0	25	0.245	-0.000726	7.3
011622	0	25	0.245	-0.000726	7.3
011623	0	25	0.245	-0.000726	7.3
011624	0	25	0.245	-0.000726	7.3
011701	0	25	0.245	-0.000726	7.3
011702	0	25	0.245	-0.000726	7.3
011703	0	25	0.245	-0.000726	7.3
011704	0	25	0.245	-0.000726	7.3
011705	0	25	0.245	-0.000726	7.3
011706	0	25	0.245	-0.000726	7.3
011707	0	25	0.245	-0.000726	7.3
011708	0	25	0.245	-0.000726	7.3
011709	0	25	0.245	-0.000726	7.3
011710	0	25	0.245	-0.000726	7.3
011711	0	25	0.245	-0.000726	7.3
011712	0	25	0.245	-0.000726	7.3
011713	0	25	0.245	-0.000726	7.3
011714	0	25	0.245	-0.000726	7.3
011715	0	25	0.245	-0.000726	7.3
011716	0	25	0.245	-0.000726	7.3
011717	0	25	0.245	-0.000726	7.3
011718	0	25	0.245	-0.000726	7.3
011719	0	25	0.245	-0.000726	7.3
011720	0	25	0.245	-0.000726	7.3
011721	0	25	0.245	-0.000726	7.3
011722	0	25	0.245	-0.000726	7.3
011723	0	25	0.245	-0.000726	7.3
011724	0	25	0.245	-0.000726	7.3
011801	0	25	0.245	-0.000726	7.3
011802	0	25	0.245	-0.000726	7.3
011803	0	25	0.245	-0.000726	7.3
011804	0	25	0.245	-0.000726	7.3
011805	0	25	0.245	-0.000726	7.3
011806	0	25	0.245	-0.000726	7.3
011807	0	25	0.245	-0.000726	7.3
011808	0	25	0.245	-0.000726	7.3
011809	0	25	0.245	-0.000726	7.3
011810	0	25	0.245	-0.000726	7.3
011811	0	25	0.245	-0.000726	7.3
011812	0	25	0.245	-0.000726	7.3
011813	0	25	0.245	-0.000726	7.3
011814	0	25	0.245	-0.000726	7.3
011815	0	25	0.245	-0.000726	7.3
011816	0	25	0.245	-0.000726	7.3
011817	0	25	0.245	-0.000726	7.3
011818	0	25	0.245	-0.000726	7.3
011819	0	25	0.245	-0.000726	7.3
011820	0	25	0.245	-0.000726	7.3
011821	0	25	0.245	-0.000726	7.3
011822	0	25	0.245	-0.000726	7.3
011823	0	25	0.245	-0.000726	7.3
011824	0	25	0.245	-0.000726	7.3
011901	0	25	0.245	-0.000726	7.3
011902	0	25	0.245	-0.000726	7.3
011903	0	25	0.245	-0.000726	7.3
011904	0	25	0.245	-0.000726	7.3
011905	0	25	0.245	-0.000726	7.3
011906	0	25	0.245	-0.000726	7.3
011907	0	25	0.245	-0.000726	7.3
011908	0	25	0.245	-0.000726	7.3
011909	0	25	0.245	-0.000726	7.3
011910	0	25	0.245	-0.000726	7.3
011911	0	25	0.245	-0.000726	7.3
011912	0	25	0.245	-0.000726	7.3
011913	0	25	0.245	-0.000726	7.3
011914	0	25	0.245	-0.000726	7.3
011915	0	25	0.245	-0.000726	7.3
011916	0	25	0.245	-0.000726	7.3
011917	0	25	0.245	-0.000726	7.3
011918	0	25	0.245	-0.000726	7.3
011919	0	25	0.245	-0.000726	7.3
011920	0	25	0.245	-0.000726	7.3
011921	0	25	0.245	-0.000726	7.3
011922	0	25	0.245	-0.000726	7.3
011923	0	25	0.245	-0.000726	7.3
011924	0	25	0.245	-0.000726	7.3
012001	0	25	0.245	-0.000726	7.3
012002	0	25	0.245	-0.000726	7.3
012003	0	25	0.245	-0.000726	7.3
012004	0	25	0.245	-0.000726	7.3
012005	0	25	0.245	-0.000726	7.3
012006	0	25	0.245	-0.000726	7.3
012007	0	25	0.245	-0.000726	7.3
012008	0	25	0.245	-0.000726	7.3
012009	0	25	0.245	-0.000726	7.3
012010	0	25	0.245	-0.000726	7.3
012011	0	25	0.245	-0.000726	7.3
012012	0	25	0.245	-0.000726	7.3
012013	0	25	0.245	-0.000726	7.3
012014	0	25	0.245	-0.000726	7.3
012015	0	25	0.245	-0.000726	7.3
012016	0	25	0.245	-0.000726	7.3
012017	0	25	0.245	-0.000726	7.3
01'	0	25	0.245	-0.000726	7.3
012019	0	25	0.245	-0.000726	7.3
012020	0	25	0.245	-0.000726	7.3
012021	0	25	0.245	-0.000726	7.3
012022	0	25	0.245	-0.000726	7.3
012023	0	25	0.245	-0.000726	7.3
012024	0	25	0.245	-0.000726	7.3
012101	0	25	0.245	-0.000726	7.3
012102	0	25	0.245	-0.000726	7.3
012103	0	25	0.245	-0.000726	7.3
012104	0	25	0.245	-0.000726	7.3
012105	0	25	0.245	-0.000726	7.3
012106	0	25	0.245	-0.000726	7.3
012107	0	25	0.245	-0.000726	7.3
012108	0	25	0.245	-0.000726	7.3
012109	0	25	0.245	-0.000726	7.3
012110	0	25	0.245	-0.000726	7.3
012111	0	25	0.245	-0.000726	7.3
012112	0	25	0.245	-0.000726	7.3
012113	0	25	0.245	-0.000726	7.3
012114	0	25	0.245	-0.000726	7.3
012115	0	25	0.245	-0.000726	7.3
012116	0	25	0.245	-0.000726	7.3
012117	0	25	0.245	-0.000726	7.3
012118	0	25	0.245	-0.000726	7.3
012119	0	25	0.245	-0.000726	7.3
012120	0	25	0.245	-0.000726	7.3
012121	0	25	0.245	-0.000726	7.3
012122	0	25	0.245	-0.000726	7.3
012123	0	25	0.245	-0.000726	7.3
012124	0	25	0.245	-0.000726	7.3
012201	0	25	0.245	-0.000726	7.3
012202	0	25	0.245	-0.000726	7.3
012203	0	25	0.245	-0.000726	7.3
012204	0	25	0.245	-0.000726	7.3
012205	0	25	0.245	-0.000726	7.3
012206	0	25	0.245	-0.000726	7.3
012207	0	25	0.245	-0.000726	7.3
012208	0	25	0.245	-0.000726	7.3
012209	0	25	0.245	-0.000726	7.3
012210	0	25	0.245	-0.000726	7.3
012211	0	25	0.245	-0.000726	7.3
012212	0	25	0.245	-0.000726	7.3
012213	0	25	0.245	-0.000726	7.3
012214	0	25	0.245	-0.000726	7.3
012215	0	25	0.245	-0.000726	7.3
012216	0	25	0.245	-0.000726	7.3
012217	0	25	0.245	-0.000726	7.3
012218	0	25	0.245	-0.000726	7.3
012219	0	25	0.245	-0.000726	7.3
012220	0	25	0.245	-0.000726	7.3
012221	0	25	0.245	-0.000726	7.3
012222	0	25	0.245	-0.000726	7.3
012223	0	25	0.245	-0.000726	7.3
012224	0	25	0.245	-0.000726	7.3
012301	0	25	0.245	-0.000726	7.3
012302	0	25	0.245	-0.000726	7.3
012303	0	25	0.245	-0.000726	7.3
012304	0	25	0.245	-0.000726	7.3
012305	0	25	0.245	-0.000726	7.3
012306	0	25	0.245	-0.000726	7.3
012307	0	25	0.245	-0.000726	7.3
012308	0	25	0.245	-0.000726	7.3
012309	0	25	0.245	-0.000726	7.3
012310	0	25	0.245	-0.000726	7.3
012311	0	25	0.245	-0.000726	7.3
012312	0	25	0.245	-0.000726	7.3
012313	0	25	0.245	-0.000726	7.3
012314	0	25	0.245	-0.000726	7.3
012315	0	25	0.245	-0.000726	7.3
012316	0	25	0.245	-0.000726	7.3
012317	0	25	0.245	-0.000726	7.3
012318	0	25	0.245	-0.000726	7.3
012319	0	25	0.245	-0.000726	7.3
012320	0	25	0.245	-0.000726	7.3
012321	0	25	0.245	-0.000726	7.3
012322	0	25	0.245	-0.000726	7.3
012323	0	25	0.245	-0.000726	7.3
012324	0	25	0.245	-0.000726	7.3
012401	0	25	0.245	-0.000726	7.3
012402	0	25	0.245	-0.000726	7.3
012403	0	25	0.245	-0.000726	7.3
012404	0	25	0.245	-0.000726	7.3
012405	0	25	0.245	-0.000726	7.3
012406	0	25	0.245	-0.000726	7.3
012407	0	25	0.245	-0.000726	7.3
012408	0	25	0.245	-0.000726	7.3
012409	0	25	0.245	-0.000726	7.3
012410	0	25	0.245	-0.000726	7.3
012411	0	25	0.245	-0.000726	7.3
012412	0	25	0.245	-0.000726	7.3
012413	0	25	0.245	-0.000726	7.3
012414	0	25	0.245	-0.000726	7.3
012415	0	25	0.245	-0.000726	7.3
012416	0	25	0.245	-0.000726	7.3
012417	0	25	0.245	-0.000726	7.3
012418	0	25	0.245	-0.000726	7.3
012419	0	25	0.245	-0.000726	7.3
012420	0	25	0.245	-0.000726	7.3
012421	0	25	0.245	-0.000726	7.3
012422	0	25	0.245	-0.000726	7.3
012423	0	25	0.245	-0.000726	7.3
012424	0	25	0.245	-0.000726	7.3
012501	0	25	0.245	-0.000726	7.3
012502	0	25	0.245	-0.000726	7.3
012503	0	25	0.245	-0.000726	7.3
012504	0	25	0.245	-0.000726	7.3
012505	0	25	0.245	-0.000726	7.3
012506	0	25	0.245	-0.000726	7.3
012507	0	25	0.245	-0.000726	7.3
012508	0	25	0.245	-0.000726	7.3
012509	0	25	0.245	-0.000726	7.3
012510	0	25	0.245	-0.000726	7.3
012511	0	25	0.245	-0.000726	7.3
012512	0	25	0.245	-0.000726	7.3
012513	0	25	0.245	-0.000726	7.3
012514	0	25	0.245	-0.000726	7.3
012515	0	25	0.245	-0.000726	7.3
012516	0	25	0.245	-0.000726	7.3
012517	0	25	0.245	-0.000726	7.3
012518	0	25	0.245	-0.000726	7.3
012519	0	25	0.245	-0.000726	7.3
012520	0	25	0.245	-0.000726	7.3
012521	0	25	0.245	-0.000726	7.3
012522	0	25	0.245	-0.000726	7.3
012523	0	25	0.245	-0.000726	7.3
012524	0	25	0.245	-0.000726	7.3
012601	0	25	0.245	-0.000726	7.3
012602	0	25	0.245	-0.000726	7.3
012603	0	25	0.245	-0.000726	7.3
012604	0	25	0.245	-0.000726	7.3
012605	0	25	0.245	-0.000726	7.3
012606	0	25	0.245	-0.000726	7.3
012607	0	25	0.245	-0.000726	7.3
012608	0	25	0.245	-0.000726	7.3
012609	0	25	0.245	-0.000726	7.3
012610	0	25	0.245	-0.000726	7.3
012611	0	25	0.245	-0.000726	7.3
012612	0	25	0.245	-0.000726	7.3
012613	0	25	0.245	-0.000726	7.3
012614	0	25	0.245	-0.000726	7.3
012615	0	25	0.245	-0.000726	7.3
012616	0	25	0.245	-0.000726	7.3
012617	0	25	0.245	-0.000726	7.3
012618	0	25	0.245	-0.000726	7.3
012619	0	25	0.245	-0.000726	7.3
012620	0	25	0.245	-0.000726	7.3
012621	0	25	0.245	-0.000726	7.3
012622	0	25	0.245	-0.000726	7.3
012623	0	25	0.245	-0.000726	7.3
012624	0	25	0.245	-0.000726	7.3
012701	0	25	0.245	-0.000726	7.3
012702	0	25	0.245	-0.000726	7.3
012703	0	25	0.245	-0.000726	7.3
012704	0	25	0.245	-0.000726	7.3
012705	0	25	0.245	-0.000726	7.3
012706	0	25	0.245	-0.000726	7.3
012707	0	25	0.245	-0.000726	7.3
012708	0	25	0.245	-0.000726	7.3
012709	0	25	0.245	-0.000726	7.3
012710	0	25	0.245	-0.000726	7.3
012711	0	25	0.245	-0.000726	7.3
012712	0	25	0.245	-0.000726	7.3
012713	0	25	0.245	-0.000726	7.3
012714	0	25	0.245	-0.000726	7.3
012715	0	25	0.245	-0.000726	7.3
012716	0	25	0.245	-0.000726	7.3
012717	0	25	0.245	-0.000726	7.3
012718	0	25	0.245	-0.000726	7.3
012719	0	25	0.245	-0.000726	7.3
012720	0	25	0.245	-0.000726	7.3
012721	0	25	0.245	-0.000726	7.3
012722	0	25	0.245	-0.000726	7.3
012723	0	25	0.245	-0.000726	7.3
012724	0	25	0.245	-0.000726	7.3
012801	0	25	0.245	-0.000726	7.3
012802	0	25	0.245	-0.000726	7.3
012803	0	25	0.245	-0.000726	7.3
012804	0	25	0.245	-0.000726	7.3
012805	0	25	0.245	-0.000726	7.3
012806	0	25	0.245	-0.000726	7.3
012807	0	25	0.245	-0.000726	7.3
012808	0	25	0.245	-0.000726	7.3
012809	0	25	0.245	-0.000726	7.3
012810	0	25	0.245	-0.000726	7.3
012811	0	25	0.245	-0.000726	7.3
012812	0	25	0.245	-0.000726	7.3
012813	0	25	0.245	-0.000726	7.3
012814	0	25	0.245	-0.000726	7.3
012815	0	25	0.245	-0.000726	7.3
012816	0	25	0.245	-0.000726	7.3
012817	0	25	0.245	-0.000726	7.3
012818	0	25	0.245	-0.000726	7.3
012819	0	25	0.245	-0.000726	7.3
012820	0	25	0.245	-0.000726	7.3
012821	0	25	0.245	-0.000726	7.3
012822	0	25	0.245	-0.000726	7.3
012823	0	25	0.245	-0.000726	7.3
012824	0	25	0.245	-0.000726	7.3
012901	0	25	0.245	-0.000726	7.3
012902	0	25	0.245	-0.000726	7.3
012903	0	25	0.245	-0.000726	7.3
012904	0	25	0.245	-0.000726	7.3
012905	0	25	0.245	-0.000726	7.3
012906	0	25	0.245	-0.000726	7.3
012907	0	25	0.245	-0.000726	7.3
012908	0	25	0.245	-0.000726	7.3
012909	0	25	0.245	-0.000726	7.3
012910	0	25	0.245	-0.000726	7.3
012911	0	25	0.245	-0.000726	7.3
012912	0	25	0.245	-0.000726	7.3
012913	0	25	0.245	-0.000726	7.3
012914	0	25	0.245	-0.000726	7.3
012915	0	25	0.245	-0.000726	7.3
012916	0	25	0.245	-0.000726	7.3
012917	0	25	0.245	-0.000726	7.3
012918	0	25	0.245	-0.000726	7.3
012919	0	25	0.245	-0.000726	7.3
012920	0	25	0.245	-0.000726	7.3
012921	0	25	0.245	-0.000726	7.3
012922	0	25	0.245	-0.000726	7.3
012923	0	25	0.245	-0.000726	7.3
012924	0	25	0.245	-0.000726	7.3
013001	0	25	0.245	-0.000726	7.3
013002	0	25	0.245	-0.000726	7.3
013003	0	25	0.245	-0.000726	7.3
013004	0	25	0.245	-0.000726	7.3
013005	0	25	0.245	-0.000726	7.3
013006	0	25	0.245	-0.000726	7.3
013007	0	25	0.245	-0.000726	7.3
013008	0	25	0.245	-0.000726	7.3
013009	0	25	0.245	-0.000726	7.3
013010	0	25	0.245	-0.000726	7.3
013011	0	25	0.245	-0.000726	7.3
013012	0	25	0.245	-0.000726	7.3
013013	0	25	0.245	-0.000726	7.3
013014	0	25	0.245	-0.000726	7.3
013015	0	25	0.245	-0.000726	7.3
013016	0	25	0.245	-0.000726	7.3
013017	0	25	0.245	-0.000726	7.3
013018	0	25	0.245	-0.000726	7.3
013019	0	25	0.245	-0.000726	7.3
013020	0	25	0.245	-0.000726	7.3
013021	0	25	0.245	-0.000726	7.3
013022	0	25	0.245	-0.000726	7.3
013023	0	25	0.245	-0.000726	7.3
013024	0	25	0.245	-0.000726	7.3
013101	0	25	0.245	-0.000726	7.3
013102	0	25	0.245	-0.000726	7.3
013103	0	25	0.245	-0.000726	7.3
013104	0	25	0.245	-0.000726	7.3
013105	0	25	0.245	-0.000726	7.3
013106	0	25	0.245	-0.000726	7.3
013107	0	25	0.245	-0.000726	7.3
013108	0	25	0.245	-0.000726	7.3
013109	0	25	0.245	-0.000726	7.3
013110	0	25	0.245	-0.000726	7.3
013111	0	25	0.245	-0.000726	7.3
013112	0	25	0.245	-0.000726	7.3
013113	0	25	0.245	-0.000726	7.3
013114	0	25	0.245	-0.000726	7.3
013115	0	25	0.245	-0.000726	7.3
013116	0	25	0.245	-0.000726	7.3
013117	0	25	0.245	-0.000726	7.3
013118	0	25	0.245	-0.000726	7.3
013119	0	25	0.245	-0.000726	7.3
013120	0	25	0.245	-0.000726	7.3
013121	0	25	0.245	-0.000726	7.3
013122	0	25	0.245	-0.000726	7.3
013123	0	25	0.245	-0.000726	7.3
013124	0	25	0.245	-0.000726	7.3
020101	0	25	0.245	-0.000726	7.3
020102	0	25	0.245	-0.000726	7.3
020103	0	25	0.245	-0.000726	7.3
020104	0	25	0.245	-0.000726	7.3
020105	0	25	0.245	-0.000726	7.3
020106	0	25	0.245	-0.000726	7.3
020107	0	25	0.245	-0.000726	7.3
020108	0	25	0.245	-0.000726	7.3
020109	0	25	0.245	-0.000726	7.3
020110	0	25	0.245	-0.000726	7.3
020111	0	25	0.245	-0.000726	7.3
020112	0	25	0.245	-0.000726	7.3
020113	0	25	0.245	-0.000726	7.3
020114	0	25	0.245	-0.000726	7.3
020115	0	25	0.245	-0.000726	7.3
020116	0	25	0.245	-0.000726	7.3
020117	0	25	0.245	-0.000726	7.3
020118	0	25	0.245	-0.000726	7.3
020119	0	25	0.245	-0.000726	7.3
020120	0	25	0.245	-0.000726	7.3
020121	0	25	0.245	-0.000726	7.3
020122	0	25	0.245	-0.000726	7.3
020123	0	25	0.245	-0.000726	7.3
020124	0	25	0.245	-0.000726	7.3
020201	0	25	0.245	-0.000726	7.3
020202	0	25	0.245	-0.000726	7.3
020203	0	25	0.245	-0.000726	7.3
020204	0	25	0.245	-0.000726	7.3
020205	0	25	0.245	-0.000726	7.3
020206	0	25	0.245	-0.000726	7.3
020207	0	25	0.245	-0.000726	7.3
020208	0	25	0.245	-0.000726	7.3
020209	0	25	0.245	-0.000726	7.3
020210	0	25	0.245	-0.000726	7.3
020211	0	25	0.245	-0.000726	7.3
020212	0	25	0.245	-0.000726	7.3
020213	0	25	0.245	-0.000726	7.3
020214	0	25	0.245	-0.000726	7.3
020215	0	25	0.245	-0.000726	7.3
020216	0	25	0.245	-0.000726	7.3
020217	0	25	0.245	-0.000726	7.3
020218	0	25	0.245	-0.000726	7.3
020219	0	25	0.245	-0.000726	7.3
020220	0	25	0.245	-0.000726	7.3
020221	0	25	0.245	-0.000726	7.3
020222	0	25	0.245	-0.000726	7.3
020223	0	25	0.245	-0.000726	7.3
020224	0	25	0.245	-0.000726	7.3
020301	0	25	0.245	-0.000726	7.3
020302	0	25	0.245	-0.000726	7.3
020303	0	25	0.245	-0.000726	7.3
020304	0	25	0.245	-0.000726	7.3
020305	0	25	0.245	-0.000726	7.3
020306	0	25	0.245	-0.000726	7.3
020307	0	25	0.245	-0.000726	7.3
020308	0	25	0.245	-0.000726	7.3
020309	0	25	0.245	-0.000726	7.3
020310	0	25	0.245	-0.000726	7.3
020311	0	25	0.245	-0.000726	7.3
020312	0	25	0.245	-0.000726	7.3
020313	0	25	0.245	-0.000726	7.3
020314	0	25	0.245	-0.000726	7.3
020315	0	25	0.245	-0.000726	7.3
020316	0	25	0.245	-0.000726	7.3
020317	0	25	0.245	-0.000726	7.3
020318	0	25	0.245	-0.000726	7.3
020319	0	25	0.245	-0.000726	7.3
020320	0	25	0.245	-0.000726	7.3
020321	0	25	0.245	-0.000726	7.3
020322	0	25	0.245	-0.000726	7.3
020323	0	25	0.245	-0.000726	7.3
020324	0	25	0.245	-0.000726	7.3
020401	0	25	0.245	-0.000726	7.3
020402	0	25	0.245	-0.000726	7.3
020403	0	25	0.245	-0.000726	7.3
020404	0	25	0.245	-0.000726	7.3
020405	0	25	0.245	-0.000726	7.3
020406	0	25	0.245	-0.000726	7.3
020407	0	25	0.245	-0.000726	7.3
020408	0	25	0.245	-0.000726	7.3
020409	0	25	0.245	-0.000726	7.3
020410	0	25	0.245	-0.000726	7.3
020411	0	25	0.245	-0.000726	7.3
020412	0	25	0.245	-0.000726	7.3
020413	0	25	0.245	-0.000726	7.3
020414	0	25	0.245	-0.000726	7.3
020415	0	25	0.245	-0.000726	7.3
020416	0	25	0.245	-0.000726	7.3
020417	0	25	0.245	-0.000726	7.3
020418	0	25	0.245	-0.000726	7.3
020419	0	25	0.245	-0.000726	7.3
020420	0	25	0.245	-0.000726	7.3
020421	0	25	0.245	-0.000726	7.3
020422	0	25	0.245	-0.000726	7.3
020423	0	25	0.245	-0.000726	7.3
020424	0	25	0.245	-0.000726	7.3
020501	0	25	0.245	-0.000726	7.3
020502	0	25	0.245	-0.000726	7.3
020503	0	25	0.245	-0.000726	7.3
020504	0	25	0.245	-0.000726	7.3
020505	0	25	0.245	-0.000726	7.3
020506	0	25	0.245	-0.000726	7.3
020507	0	25	0.245	-0.000726	7.3
020508	0	25	0.245	-0.000726	7.3
020509	0	25	0.245	-0.000726	7.3
020510	0	25	0.245	-0.000726	7.3
020511	0	25	0.245	-0.000726	7.3
020512	0	25	0.245	-0.000726	7.3
020513	0	25	0.245	-0.000726	7.3
020514	0	25	0.245	-0.000726	7.3
020515	0	25	0.245	-0.000726	7.3
020516	0	25	0.245	-0.000726	7.3
020517	0	25	0.245	-0.000726	7.3
020518	0	25	0.245	-0.000726	7.3
020519	0	25	0.245	-0.000726	7.3
020520	0	25	0.245	-0.000726	7.3
020521	0	25	0.245	-0.000726	7.3
020522	0	25	0.245	-0.000726	7.3
020523	0	25	0.245	-0.000726	7.3
020524	0	25	0.245	-0.000726	7.3
020601	0	25	0.245	-0.000726	7.3
020602	0	25	0.245	-0.000726	7.3
020603	0	25	0.245	-0.000726	7.3
020604	0	25	0.245	-0.000726	7.3
020605	0	25	0.245	-0.000726	7.3
020606	0	25	0.245	-0.000726	7.3
020607	0	25	0.245	-0.000726	7.3
020608	0	25	0.245	-0.000726	7.3
020609	0	25	0.245	-0.000726	7.3
020610	0	25	0.245	-0.000726	7.3
020611	0	25	0.245	-0.000726	7.3
020612	0	25	0.245	-0.000726	7.3
020613	0	25	0.245	-0.000726	7.3
020614	0	25	0.245	-0.000726	7.3
020615	0	25	0.245	-0.000726	7.3
020616	0	25	0.245	-0.000726	7.3
020617	0	25	0.245	-0.000726	7.3
020618	0	25	0.245	-0.000726	7.3
020619	0	25	0.245	-0.000726	7.3
020620	0	25	0.245	-0.000726	7.3
020621	0	25	0.245	-0.000726	7.3
020622	0	25	0.245	-0.000726	7.3
020623	0	25	0.245	-0.000726	7.3
020624	0	25	0.245	-0.000726	7.3
020701	0	25	0.245	-0.000726	7.3
020702	0	25	0.245	-0.000726	7.3
020703	0	25	0.245	-0.000726	7.3
020704	0	25	0.245	-0.000726	7.3
020705	0	25	0.245	-0.000726	7.3
020706	0	25	0.245	-0.000726	7.3
020707	0	25	0.245	-0.000726	7.3
020708	0	25	0.245	-0.000726	7.3
020709	0	25	0.245	-0.000726	7.3
020710	0	25	0.245	-0.000726	7.3
020711	0	25	0.245	-0.000726	7.3
020712	0	25	0.245	-0.000726	7.3
020713	0	25	0.245	-0.000726	7.3
020714	0	25	0.245	-0.000726	7.3
020715	0	25	0.245	-0.000726	7.3
020716	0	25	0.245	-0.000726	7.3
020717	0	25	0.245	-0.000726	7.3
020718	0	25	0.245	-0.000726	7.3
020719	0	25	0.245	-0.000726	7.3
020720	0	25	0.245	-0.000726	7.3
020721	0	25	0.245	-0.000726	7.3
020722	0	25	0.245	-0.000726	7.3
020723	0	25	0.245	-0.000726	7.3
020724	0	25	0.245	-0.000726	7.3
020801	0	25	0.245	-0.000726	7.3
020802	0	25	0.245	-0.000726	7.3
020803	0	25	0.245	-0.000726	7.3
020804	0	25	0.245	-0.000726	7.3
020805	0	25	0.245	-0.000726	7.3
020806	0	25	0.245	-0.000726	7.3
020807	0	25	0.245	-0.000726	7.3
020808	0	25	0.245	-0.000726	7.3
020809	0	25	0.245	-0.000726	7.3
020810	0	25	0.245	-0.000726	7.3
020811	0	25	0.245	-0.000726	7.3
020812	0	25	0.245	-0.000726	7.3
020813	0	25	0.245	-0.000726	7.3
020814	0	25	0.245	-0.000726	7.3
020815	0	25	0.245	-0.000726	7.3
020816	0	25	0.245	-0.000726	7.3
020817	0	25	0.245	-0.000726	7.3
020818	0	25	0.245	-0.000726	7.3
020819	0	25	0.245	-0.000726	7.3
020820	0	25	0.245	-0.000726	7.3
020821	0	25	0.245	-0.000726	7.3
020822	0	25	0.245	-0.000726	7.3
020823	0	25	0.245	-0.000726	7.3
020824	0	25	0.245	-0.000726	7.3
020901	0	25	0.245	-0.000726	7.3
020902	0	25	0.245	-0.000726	7.3
020903	0	25	0.245	-0.000726	7.3
020904	0	25	0.245	-0.000726	7.3
020905	0	25	0.245	-0.000726	7.3
020906	0	25	0.245	-0.000726	7.3
020907	0	25	0.245	-0.000726	7.3
020908	0	25	0.245	-0.000726	7.3
020909	0	25	0.245	-0.000726	7.3
020910	0	25	0.245	-0.000726	7.3
020911	0	25	0.245	-0.000726	7.3
020912	0	25	0.245	-0.000726	7.3
020913	0	25	0.245	-0.000726	7.3
020914	0	25	0.245	-0.000726	7.3
020915	0	25	0.245	-0.000726	7.3
020916	0	25	0.245	-0.000726	7.3
020917	0	25	0.245	-0.000726	7.3
020918	0	25	0.245	-0.000726	7.3
020919	0	25	0.245	-0.000726	7.3
020920	0	25	0.245	-0.000726	7.3
020921	0	25	0.245	-0.000726	7.3
020922	0	25	0.245	-0.000726	7.3
020923	0	25	0.245	-0.000726	7.3
020924	0	25	0.245	-0.000726	7.3
021001	0	25	0.245	-0.000726	7.3
021002	0	25	0.245	-0.000726	7.3
021003	0	25	0.245	-0.000726	7.3
021004	0	25	0.245	-0.000726	7.3
021005	0	25	0.245	-0.000726	7.3
021006	0	25	0.245	-0.000726	7.3
021007	0	25	0.245	-0.000726	7.3
021008	0	25	0.245	-0.000726	7.3
021009	0	25	0.245	-0.000726	7.3
021010	0	25	0.245	-0.000726	7.3
021011	0	25	0.245	-0.000726	7.3
021012	0	25	0.245	-0.000726	7.3
021013	0	25	0.245	-0.000726	7.3
021014	0	25	0.245	-0.000726	7.3
021015	0	25	0.245	-0.000726	7.3
021016	0	25	0.245	-0.000726	7.3
021017	0	25	0.245	-0.000726	7.3
021018	0	25	0.245	-0.000726	7.3
021019	0	25	0.245	-0.000726	7.3
021020	0	25	0.245	-0.000726	7.3
021021	0	25	0.245	-0.000726	7.3
021022	0	25	0.245	-0.000726	7.3
021023	0	25	0.245	-0.000726	7.3
021024	0	25	0.245	-0.000726	7.3
021101	0	25	0.245	-0.000726	7.3
021102	0	25	0.245	-0.000726	7.3
021103	0	25	0.245	-0.000726	7.3
021104	0	25	0.245	-0.000726	7.3
021105	0	25	0.245	-0.000726	7.3
021106	0	25	0.245	-0.000726	7.3
021107	0	25	0.245	-0.000726	7.3
021108	0	25	0.245	-0.000726	7.3
021109	0	25	0.245	-0.000726	7.3
021110	0	25	0.245	-0.000726	7.3
021111	0	25	0.245	-0.000726	7.3
021112	0	25	0.245	-0.000726	7.3
021113	0	25	0.245	-0.000726	7.3
021114	0	25	0.245	-0.000726	7.3
021115	0	25	0.245	-0.000726	7.3
021116	0	25	0.245	-0.000726	7.3
021117	0	25	0.245	-0.000726	7.3
021118	0	25	0.245	-0.000726	7.3
021119	0	25	0.245	-0.000726	7.3
021120	0	25	0.245	-0.000726	7.3
021121	0	25	0.245	-0.000726	7.3
021122	0	25	0.245	-0.000726	7.3
021123	0	25	0.245	-0.000726	7.3
021124	0	25	0.245	-0.000726	7.3
021201	0	25	0.245	-0.000726	7.3
021202	0	25	0.245	-0.000726	7.3
021203	0	25	0.245	-0.000726	7.3
021204	0	25	0.245	-0.000726	7.3
021205	0	25	0.245	-0.000726	7.3
021206	0	25	0.245	-0.000726	7.3
021207	0	25	0.245	-0.000726	7.3
021208	0	25	0.245	-0.000726	7.3
021209	0	25	0.245	-0.000726	7.3
021210	0	25	0.245	-0.000726	7.3
021211	0	25	0.245	-0.000726	7.3
021212	0	25	0.245	-0.000726	7.3
021213	0	25	0.245	-0.000726	7.3
021214	0	25	0.245	-0.000726	7.3
021215	0	25	0.245	-0.000726	7.3
021216	0	25	0.245	-0.000726	7.3
021217	0	25	0.245	-0.000726	7.3
021218	0	25	0.245	-0.000726	7.3
021219	0	25	0.245	-0.000726	7.3
021220	0	25	0.245	-0.000726	7.3
021221	0	25	0.245	-0.000726	7.3
021222	0	25	0.245	-0.000726	7.3
021223	0	25	0.245	-0.000726	7.3
021224	0	25	0.245	-0.000726	7.3
021301	0	25	0.245	-0.000726	7.3
021302	0	25	0.245	-0.000726	7.3
021303	0	25	0.245	-0.000726	7.3
021304	0	25	0.245	-0.000726	7.3
021305	0	25	0.245	-0.000726	7.3
021306	0	25	0.245	-0.000726	7.3
021307	0	25	0.245	-0.000726	7.3
021308	0	25	0.245	-0.000726	7.3
021309	0	25	0.245	-0.000726	7.3
021310	0	25	0.245	-0.000726	7.3
021311	0	25	0.245	-0.000726	7.3
021312	0	25	0.245	-0.000726	7.3
021313	0	25	0.245	-0.000726	7.3
021314	0	25	0.245	-0.000726	7.3
021315	0	25	0.245	-0.000726	7.3
021316	0	25	0.245	-0.000726	7.3
021317	0	25	0.245	-0.000726	7.3
021318	0	25	0.245	-0.000726	7.3
021319	0	25	0.245	-0.000726	7.3
021320	0	25	0.245	-0.000726	7.3
021321	0	25	0.245	-0.000726	7.3
021322	0	25	0.245	-0.000726	7.3
021323	0	25	0.245	-0.000726	7.3
021324	0	25	0.245	-0.000726	7.3
021401	0	25	0.245	-0.000726	7.3
021402	0	25	0.245	-0.000726	7.3
021403	0	25	0.245	-0.000726	7.3
021404	0	25	0.245	-0.000726	7.3
021405	0	25	0.245	-0.000726	7.3
021406	0	25	0.245	-0.000726	7.3
021407	0	25	0.245	-0.000726	7.3
021408	0	25	0.245	-0.000726	7.3
021409	0	25	0.245	-0.000726	7.3
021410	0	25	0.245	-0.000726	7.3
021411	0	25	0.245	-0.000726	7.3
021412	0	25	0.245	-0.000726	7.3
021413	0	25	0.245	-0.000726	7.3
021414	0	25	0.245	-0.000726	7.3
021415	0	25	0.245	-0.000726	7.3
021416	0	25	0.245	-0.000726	7.3
021417	0	25	0.245	-0.000726	7.3
021418	0	25	0.245	-0.000726	7.3
021419	0	25	0.245	-0.000726	7.3
021420	0	25	0.245	-0.000726	7.3
021421	0	25	0.245	-0.000726	7.3
021422	0	25	0.245	-0.000726	7.3
021423	0	25	0.245	-0.000726	7.3
021424	0	25	0.245	-0.000726	7.3
021501	0	25	0.245	-0.000726	7.3
021502	0	25	0.245	-0.000726	7.3
021503	0	25	0.245	-0.000726	7.3
021504	0	25	0.245	-0.000726	7.3
021505	0	25	0.245	-0.000726	7.3
021506	0	25	0.245	-0.000726	7.3
021507	0	25	0.245	-0.000726	7.3
021508	0	25	0.245	-0.000726	7.3
021509	0	25	0.245	-0.000726	7.3
021510	0	25	0.245	-0.000726	7.3
021511	0	25	0.245	-0.000726	7.3
021512	0	25	0.245	-0.000726	7.3
021513	0	25	0.245	-0.000726	7.3
021514	0	25	0.245	-0.000726	7.3
021515	0	25	0.245	-0.000726	7.3
021516	0	25	0.245	-0.000726	7.3
021517	0	25	0.245	-0.000726	7.3
021518	0	25	0.245	-0.000726	7.3
021519	0	25	0.245	-0.000726	7.3
021520	0	25	0.245	-0.000726	7.3
021521	0	25	0.245	-0.000726	7.3
021522	0	25	0.245	-0.000726	7.3
021523	0	25	0.245	-0.000726	7.3
021524	0	25	0.245	-0.000726	7.3
021601	0	25	0.245	-0.000726	7.3
021602	0	25	0.245	-0.000726	7.3
021603	0	25	0.245	-0.000726	7.3
021604	0	25	0.245	-0.000726	7.3
021605	0	25	0.245	-0.000726	7.3
021606	0	25	0.245	-0.000726	7.3
021607	0	25	0.245	-0.000726	7.3
021608	0	25	0.245	-0.000726	7.3
021609	0	25	0.245	-0.000726	7.3
021610	0	25	0.245	-0.000726	7.3
021611	0	25	0.245	-0.000726	7.3
021612	0	25	0.245	-0.000726	7.3
021613	0	25	0.245	-0.000726	7.3
021614	0	25	0.245	-0.000726	7.3
021615	0	25	0.245	-0.000726	7.3
021616	0	25	0.245	-0.000726	7.3
021617	0	25	0.245	-0.000726	7.3
021618	0	25	0.245	-0.000726	7.3
021619	0	25	0.245	-0.000726	7.3
021620	0	25	0.245	-0.000726	7.3
021621	0	25	0.245	-0.000726	7.3
021622	0	25	0.245	-0.000726	7.3
021623	0	25	0.245	-0.000726	7.3
021624	0	25	0.245	-0.000726	7.3
021701	0	25	0.245	-0.000726	7.3
021702	0	25	0.245	-0.000726	7.3
021703	0	25	0.245	-0.000726	7.3
021704	0	25	0.245	-0.000726	7.3
021705	0	25	0.245	-0.000726	7.3
021706	0	25	0.245	-0.000726	7.3
021707	0	25	0.245	-0.000726	7.3
021708	0	25	0.245	-0.000726	7.3
021709	0	25	0.245	-0.000726	7.3
021710	0	25	0.245	-0.000726	7.3
021711	0	25	0.245	-0.000726	7.3
021712	0	25	0.245	-0.000726	7.3
021713	0	25	0.245	-0.000726	7.3
021714	0	25	0.245	-0.000726	7.3
021715	0	25	0.245	-0.000726	7.3
021716	0	25	0.245	-0.000726	7.3
021717	0	25	0.245	-0.000726	7.3
021718	0	25	0.245	-0.000726	7.3
021719	0	25	0.245	-0.000726	7.3
021720	0	25	0.245	-0.000726	7.3
021721	0	25	0.245	-0.000726	7.3
021722	0	25	0.245	-0.000726	7.3
021723	0	25	0.245	-0.000726	7.3
021724	0	25	0.245	-0.000726	7.3
021801	0	25	0.245	-0.000726	7.3
021802	0	25	0.245	-0.000726	7.3
021803	0	25	0.245	-0.000726	7.3
021804	0	25	0.245	-0.000726	7.3
021805	0	25	0.245	-0.000726	7.3
021806	0	25	0.245	-0.000726	7.3
021807	0	25	0.245	-0.000726	7.3
021808	0	25	0.245	-0.000726	7.3
021809	0	25	0.245	-0.000726	7.3
021810	0	25	0.245	-0.000726	7.3
021811	0	25	0.245	-0.000726	7.3
021812	0	25	0.245	-0.000726	7.3
021813	0	25	0.245	-0.000726	7.3
021814	0	25	0.245	-0.000726	7.3
021815	0	25	0.245	-0.000726	7.3
021816	0	25	0.245	-0.000726	7.3
021817	0	25	0.245	-0.000726	7.3
021818	0	25	0.245	-0.000726	7.3
021819	0	25	0.245	-0.000726	7.3
021820	0	25	0.245	-0.000726	7.3
021821	0	25	0.245	-0.000726	7.3
021822	0	25	0.245	-0.000726	7.3
021823	0	25	0.245	-0.000726	7.3
021824	0	25	0.245	-0.000726	7.3
021901	0	25	0.245	-0.000726	7.3
021902	0	25	0.245	-0.000726	7.3
021903	0	25	0.245	-0.000726	7.3
021904	0	25	0.245	-0.000726	7.3
021905	0	25	0.245	-0.000726	7.3
021906	0	25	0.245	-0.000726	7.3
021907	0	25	0.245	-0.000726	7.3
021908	0	25	0.245	-0.000726	7.3
021909	0	25	0.245	-0.000726	7.3
021910	0	25	0.245	-0.000726	7.3
021911	0	25	0.245	-0.000726	7.3
021912	0	25	0.245	-0.000726	7.3
021913	0	25	0.245	-0.000726	7.3
021914	0	25	0.245	-0.000726	7.3
021915	0	25	0.245	-0.000726	7.3
021916	0	25	0.245	-0.000726	7.3
021917	0	25	0.245	-0.000726	7.3
021918	0	25	0.245	-0.000726	7.3
021919	0	25	0.245	-0.000726	7.3
021920	0	25	0.245	-0.000726	7.3
021921	0	25	0.245	-0.000726	7.3
021922	0	25	0.245	-0.000726	7.3
021923	0	25	0.245	-0.000726	7.3
021924	0	25	0.245	-0.000726	7.3
022001	0	25	0.245	-0.000726	7.3
022002	0	25	0.245	-0.000726	7.3
022003	0	25	0.245	-0.000726	7.3
022004	0	25	0.245	-0.000726	7.3
022005	0	25	0.245	-0.000726	7.3
022006	0	25	0.245	-0.000726	7.3
022007	0	25	0.245	-0.000726	7.3
022008	0	25	0.245	-0.000726	7.3
022009	0	25	0.245	-0.000726	7.3
022010	0	25	0.245	-0.000726	7.3
022011	0	25	0.245	-0.000726	7.3
022012	0	25	0.245	-0.000726	7.3
022013	0	25	0.245	-0.000726	7.3
022014	0	25	0.245	-0.000726	7.3
022015	0	25	0.245	-0.000726	7.3
022016	0	25	0.245	-0.000726	7.3
022017	0	25	0.245	-0.000726	7.3
022018	0	25	0.245	-0.000726	7.3
022019	0	25	0.245	-0.000726	7.3
022020	0	25	0.245	-0.000726	7.3
022021	0	25	0.245	-0.000726	7.3
022022	0	25	0.245	-0.000726	7.3
022023	0	25	0.245	-0.000726	7.3
022024	0	25	0.245	-0.000726	7.3
022101	0	25	0.245	-0.000726	7.3
022102	0	25	0.245	-0.000726	7.3
022103	0	25	0.245	-0.000726	7.3
022104	0	25	0.245	-0.000726	7.3
022105	0	25	0.245	-0.000726	7.3
022106	0	25	0.245	-0.000726	7.3
022107	0	25	0.245	-0.000726	7.3
022108	0	25	0.245	-0.000726	7.3
022109	0	25	0.245	-0.000726	7.3
022110	0	25	0.245	-0.000726	7.3
022111	0	25	0.245	-0.000726	7.3
022112	0	25	0.245	-0.000726	7.3
022113	0	25	0.245	-0.000726	7.3
022114	0	25	0.245	-0.000726	7.3
022115	0	25	0.245	-0.000726	7.3
022116	0	25	0.245	-0.000726	7.3
022117	0	25	0.245	-0.000726	7.3
022118	0	25	0.245	-0.000726	7.3
022119	0	25	0.245	-0.000726	7.3
022120	0	25	0.245	-0.000726	7.3
022121	0	25	0.245	-0.000726	7.3
022122	0	25	0.245	-0.000726	7.3
022123	0	25	0.245	-0.000726	7.3
022124	0	25	0.245	-0.000726	7.3
022201	0	25	0.245	-0.000726	7.3
022202	0	25	0.245	-0.000726	7.3
022203	0	25	0.245	-0.000726	7.3
022204	0	25	0.245	-0.000726	7.3
022205	0	25	0.245	-0.000726	7.3
022206	0	25	0.245	-0.000726	7.3
022207	0	25	0.245	-0.000726	7.3
022208	0	25	0.245	-0.000726	7.3
022209	0	25	0.245	-0.000726	7.3
022210	0	25	0.245	-0.000726	7.3
022211	0	25	0.245	-0.000726	7.3
022212	0	25	0.245	-0.000726	7.3
022213	0	25	0.245	-0.000726	7.3
022214	0	25	0.245	-0.000726	7.3
022215	0	25	0.245	-0.000726	7.3
022216	0	25	0.245	-0.000726	7.3
022217	0	25	0.245	-0.000726	7.3
022218	0	25	0.245	-0.000726	7.3
022219	0	25	0.245	-0.000726	7.3
022220	0	25	0.245	-0.000726	7.3
022221	0	25	0.245	-0.000726	7.3
022222	0	25	0.245	-0.000726	7.3
022223	0	25	0.245	-0.000726	7.3
022224	0	25	0.245	-0.000726	7.3
022301	0	25	0.245	-0.000726	7.3
022302	0	25	0.245	-0.000726	7.3
022303	0	25	0.245	-0.000726	7.3
022304	0	25	0.245	-0.000726	7.3
022305	0	25	0.245	-0.000726	7.3
022306	0	25	0.245	-0.000726	7.3
022307	0	25	0.245	-0.000726	7.3
022308	0	25	0.245	-0.000726	7.3
022309	0	25	0.245	-0.000726	7.3
022310	0	25	0.245	-0.000726	7.3
022311	0	25	0.245	-0.000726	7.3
022312	0	25	0.245	-0.000726	7.3
022313	0	25	0.245	-0.000726	7.3
022314	0	25	0.245	-0.000726	7.3
022315	0	25	0.245	-0.000726	7.3
022316	0	25	0.245	-0.000726	7.3
022317	0	25	0.245	-0.000726	7.3
022318	0	25	0.245	-0.000726	7.3
022319	0	25	0.245	-0.000726	7.3
022320	0	25	0.245	-0.000726	7.3
022321	0	25	0.245	-0.000726	7.3
022322	0	25	0.245	-0.000726	7.3
022323	0	25	0.245	-0.000726	7.3
022324	0	25	0.245	-0.000726	7.3
022401	0	25	0.245	-0.000726	7.3
022402	0	25	0.245	-0.000726	7.3
022403	0	25	0.245	-0.000726	7.3
022404	0	25	0.245	-0.000726	7.3
022405	0	25	0.245	-0.000726	7.3
022406	0	25	0.245	-0.000726	7.3
022407	0	25	0.245	-0.000726	7.3
022408	0	25	0.245	-0.000726	7.3
022409	0	25	0.245	-0.000726	7.3
022410	0	25	0.245	-0.000726	7.3
022411	0	25	0.245	-0.000726	7.3
022412	0	25	0.245	-0.000726	7.3
022413	0	25	0.245	-0.000726	7.3
022414	0	25	0.245	-0.000726	7.3
022415	0	25	0.245	-0.000726	7.3
022416	0	25	0.245	-0.000726	7.3
022417	0	25	0.245	-0.000726	7.3
022418	0	25	0.245	-0.000726	7.3
022419	0	25	0.245	-0.000726	7.3
022420	0	25	0.245	-0.000726	7.3
022421	0	25	0.245	-0.000726	7.3
022422	0	25	0.245	-0.000726	7.3
022423	0	25	0.245	-0.000726	7.3
022424	0	25	0.245	-0.000726	7.3
022501	0	25	0.245	-0.000726	7.3
022502	0	25	0.245	-0.000726	7.3
022503	0	25	0.245	-0.000726	7.3
022504	0	25	0.245	-0.000726	7.3
022505	0	25	0.245	-0.000726	7.3
022506	0	25	0.245	-0.000726	7.3
022507	0	25	0.245	-0.000726	7.3
022508	0	25	0.245	-0.000726	7.3
022509	0	25	0.245	-0.000726	7.3
022510	0	25	0.245	-0.000726	7.3
022511	0	25	0.245	-0.000726	7.3
022512	0	25	0.245	-0.000726	7.3
022513	0	25	0.245	-0.000726	7.3
022514	0	25	0.245	-0.000726	7.3
022515	0	25	0.245	-0.000726	7.3
022516	0	25	0.245	-0.000726	7.3
022517	0	25	0.245	-0.000726	7.3
022518	0	25	0.245	-0.000726	7.3
022519	0	25	0.245	-0.000726	7.3
022520	0	25	0.245	-0.000726	7.3
022521	0	25	0.245	-0.000726	7.3
022522	0	25	0.245	-0.000726	7.3
022523	0	25	0.245	-0.000726	7.3
022524	0	25	0.245	-0.000726	7.3
022601	0	25	0.245	-0.000726	7.3
022602	0	25	0.245	-0.000726	7.3
022603	0	25	0.245	-0.000726	7.3
022604	0	25	0.245	-0.000726	7.3
022605	0	25	0.245	-0.000726	7.3
022606	0	25	0.245	-0.000726	7.3
022607	0	25	0.245	-0.000726	7.3
022608	0	25	0.245	-0.000726	7.3
022609	0	25	0.245	-0.000726	7.3
022610	0	25	0.245	-0.000726	7.3
022611	0	25	0.245	-0.000726	7.3
022612	0	25	0.245	-0.000726	7.3
022613	0	25	0.245	-0.000726	7.3
022614	0	25	0.245	-0.000726	7.3
022615	0	25	0.245	-0.000726	7.3
022616	0	25	0.245	-0.000726	7.3
022617	0	25	0.245	-0.000726	7.3
022618	0	25	0.245	-0.000726	7.3
022619	0	25	0.245	-0.000726	7.3
022620	0	25	0.245	-0.000726	7.3
022621	0	25	0.245	-0.000726	7.3
022622	0	25	0.245	-0.000726	7.3
022623	0	25	0.245	-0.000726	7.3
022624	0	25	0.245	-0.000726	7.3
022701	0	25	0.245	-0.000726	7.3
022702	0	25	0.245	-0.000726	7.3
022703	0	25	0.245	-0.000726	7.3
022704	0	25	0.245	-0.000726	7.3
022705	0	25	0.245	-0.000726	7.3
022706	0	25	0.245	-0.000726	7.3
022707	0	25	0.245	-0.000726	7.3
022708	0	25	0.245	-0.000726	7.3
022709	0	25	0.245	-0.000726	7.3
022710	0	25	0.245	-0.000726	7.3
022711	0	25	0.245	-0.000726	7.3
022712	0	25	0.245	-0.000726	7.3
022713	0	25	0.245	-0.000726	7.3
022714	0	25	0.245	-0.000726	7.3
022715	0	25	0.245	-0.000726	7.3
022716	0	25	0.245	-0.000726	7.3
022717	0	25	0.245	-0.000726	7.3
022718	0	25	0.245	-0.000726	7.3
022719	0	25	0.245	-0.000726	7.3
022720	0	25	0.245	-0.000726	7.3
022721	0	25	0.245	-0.000726	7.3
022722	0	25	0.245	-0.000726	7.3
022723	0	25	0.245	-0.000726	7.3
022724	0	25	0.245	-0.000726	7.3
022801	0	25	0.245	-0.000726	7.3
022802	0	25	0.245	-0.000726	7.3
022803	0	25	0.245	-0.000726	7.3
022804	0	25	0.245	-0.000726	7.3
022805	0	25	0.245	-0.000726	7.3
022806	0	25	0.245	-0.000726	7.3
022807	0	25	0.245	-0.000726	7.3
022808	0	25	0.245	-0.000726	7.3
022809	0	25	0.245	-0.000726	7.3
022810	0	25	0.245	-0.000726	7.3
022811	0	25	0.245	-0.000726	7.3
022812	0	25	0.245	-0.000726	7.3
022813	0	25	0.245	-0.000726	7.3
022814	0	25	0.245	-0.000726	7.3
022815	0	25	0.245	-0.000726	7.3
022816	0	25	0.245	-0.000726	7.3
022817	0	25	0.245	-0.000726	7.3
022818	0	25	0.245	-0.000726	7.3
022819	0	25	0.245	-0.000726	7.3
022820	0	25	0.245	-0.000726	7.3
022821	0	25	0.245	-0.000726	7.3
022822	0	25	0.245	-0.000726	7.3
022823	0	25	0.245	-0.000726	7.3
022824	0	25	0.245	-0.000726	7.3
