 Data_Period = 20180801 -- 20180807
      Hour        SIN_mg/cm3/h              STP_oC                 SWC             SWP_MPa                  pH
2018080101            0.000000           20.000000         -999.000000           -0.010000            7.300000
2018080102            0.000000           20.000000         -999.000000           -0.010000            7.300000
2018080103            0.000000           20.000000         -999.000000           -0.010000            7.300000
2018080104            0.000000           20.000000         -999.000000           -0.010000            7.300000
2018080105            0.000000           20.000000         -999.000000           -0.010000            7.300000
2018080106            0.000000           20.000000         -999.000000           -0.010000            7.300000
2018080107            0.000000           20.000000         -999.000000           -0.010000            7.300000
2018080108            0.000000           20.000000         -999.000000           -0.010000            7.300000
2018080109            0.000000           20.000000         -999.000000           -0.010000            7.300000
2018080110            0.000000           20.000000         -999.000000           -0.010000            7.300000
2018080111            0.000000           20.000000         -999.000000           -0.010000            7.300000
2018080112            0.000000           20.000000         -999.000000           -0.010000            7.300000
2018080113            0.000000           20.000000         -999.000000           -0.010000            7.300000
2018080114            0.000000           20.000000         -999.000000           -0.010000            7.300000
2018080115            0.000000           20.000000         -999.000000           -0.010000            7.300000
2018080116            0.000000           20.000000         -999.000000           -0.010000            7.300000
2018080117            0.000000           20.000000         -999.000000           -0.010000            7.300000
2018080118            0.000000           20.000000         -999.000000           -0.010000            7.300000
2018080119            0.000000           20.000000         -999.000000           -0.010000            7.300000
2018080120            0.000000           20.000000         -999.000000           -0.010000            7.300000
2018080121            0.000000           20.000000         -999.000000           -0.010000            7.300000
2018080122            0.000000           20.000000         -999.000000           -0.010000            7.300000
2018080123            0.000000           20.000000         -999.000000           -0.010000            7.300000
2018080124            0.000000           20.000000         -999.000000           -0.010000            7.300000
2018080201            0.000000           20.000000         -999.000000           -0.010000            7.300000
2018080202            0.000000           20.000000         -999.000000           -0.010000            7.300000
2018080203            0.000000           20.000000         -999.000000           -0.010000            7.300000
2018080204            0.000000           20.000000         -999.000000           -0.010000            7.300000
2018080205            0.000000           20.000000         -999.000000           -0.010000            7.300000
2018080206            0.000000           20.000000         -999.000000           -0.010000            7.300000
2018080207            0.000000           20.000000         -999.000000           -0.010000            7.300000
2018080208            0.000000           20.000000         -999.000000           -0.010000            7.300000
2018080209            0.000000           20.000000         -999.000000           -0.010000            7.300000
2018080210            0.000000           20.000000         -999.000000           -0.010000            7.300000
2018080211            0.000000           20.000000         -999.000000           -0.010000            7.300000
2018080212            0.000000           20.000000         -999.000000           -0.010000            7.300000
2018080213            0.000000           20.000000         -999.000000           -0.010000            7.300000
2018080214            0.000000           20.000000         -999.000000           -0.010000            7.300000
2018080215            0.000000           20.000000         -999.000000           -0.010000            7.300000
2018080216            0.000000           20.000000         -999.000000           -0.010000            7.300000
2018080217            0.000000           20.000000         -999.000000           -0.010000            7.300000
2018080218            0.000000           20.000000         -999.000000           -0.010000            7.300000
2018080219            0.000000           20.000000         -999.000000           -0.010000            7.300000
2018080220            0.000000           20.000000         -999.000000           -0.010000            7.300000
2018080221            0.000000           20.000000         -999.000000           -0.010000            7.300000
2018080222            0.000000           20.000000         -999.000000           -0.010000            7.300000
2018080223            0.000000           20.000000         -999.000000           -0.010000            7.300000
2018080224            0.000000           20.000000         -999.000000           -0.010000            7.300000
2018080301            0.000000           20.000000         -999.000000           -0.010000            7.300000
2018080302            0.000000           20.000000         -999.000000           -0.010000            7.300000
2018080303            0.000000           20.000000         -999.000000           -0.010000            7.300000
2018080304            0.000000           20.000000         -999.000000           -0.010000            7.300000
2018080305            0.000000           20.000000         -999.000000           -0.010000            7.300000
2018080306            0.000000           20.000000         -999.000000           -0.010000            7.300000
2018080307            0.000000           20.000000         -999.000000           -0.010000            7.300000
2018080308            0.000000           20.000000         -999.000000           -0.010000            7.300000
2018080309            0.000000           20.000000         -999.000000           -0.010000            7.300000
2018080310            0.000000           20.000000         -999.000000           -0.010000            7.300000
2018080311            0.000000           20.000000         -999.000000           -0.010000            7.300000
2018080312            0.000000           20.000000         -999.000000           -0.010000            7.300000
2018080313            0.000000           20.000000         -999.000000           -0.010000            7.300000
2018080314            0.000000           20.000000         -999.000000           -0.010000            7.300000
2018080315            0.000000           20.000000         -999.000000           -0.010000            7.300000
2018080316            0.000000           20.000000         -999.000000           -0.010000            7.300000
2018080317            0.000000           20.000000         -999.000000           -0.010000            7.300000
2018080318            0.000000           20.000000         -999.000000           -0.010000            7.300000
2018080319            0.000000           20.000000         -999.000000           -0.010000            7.300000
2018080320            0.000000           20.000000         -999.000000           -0.010000            7.300000
2018080321            0.000000           20.000000         -999.000000           -0.010000            7.300000
2018080322            0.000000           20.000000         -999.000000           -0.010000            7.300000
2018080323            0.000000           20.000000         -999.000000           -0.010000            7.300000
2018080324            0.000000           20.000000         -999.000000           -0.010000            7.300000
2018080401            0.000000           20.000000         -999.000000           -0.010000            7.300000
2018080402            0.000000           20.000000         -999.000000           -0.010000            7.300000
2018080403            0.000000           20.000000         -999.000000           -0.010000            7.300000
2018080404            0.000000           20.000000         -999.000000           -0.010000            7.300000
2018080405            0.000000           20.000000         -999.000000           -0.010000            7.300000
2018080406            0.000000           20.000000         -999.000000           -0.010000            7.300000
2018080407            0.000000           20.000000         -999.000000           -0.010000            7.300000
2018080408            0.000000           20.000000         -999.000000           -0.010000            7.300000
2018080409            0.000000           20.000000         -999.000000           -0.010000            7.300000
2018080410            0.000000           20.000000         -999.000000           -0.010000            7.300000
2018080411            0.000000           20.000000         -999.000000           -0.010000            7.300000
2018080412            0.000000           20.000000         -999.000000           -0.010000            7.300000
2018080413            0.000000           20.000000         -999.000000           -0.010000            7.300000
2018080414            0.000000           20.000000         -999.000000           -0.010000            7.300000
2018080415            0.000000           20.000000         -999.000000           -0.010000            7.300000
2018080416            0.000000           20.000000         -999.000000           -0.010000            7.300000
2018080417            0.000000           20.000000         -999.000000           -0.010000            7.300000
2018080418            0.000000           20.000000         -999.000000           -0.010000            7.300000
2018080419            0.000000           20.000000         -999.000000           -0.010000            7.300000
2018080420            0.000000           20.000000         -999.000000           -0.010000            7.300000
2018080421            0.000000           20.000000         -999.000000           -0.010000            7.300000
2018080422            0.000000           20.000000         -999.000000           -0.010000            7.300000
2018080423            0.000000           20.000000         -999.000000           -0.010000            7.300000
2018080424            0.000000           20.000000         -999.000000           -0.010000            7.300000
2018080501            0.000000           20.000000         -999.000000           -0.010000            7.300000
2018080502            0.000000           20.000000         -999.000000           -0.010000            7.300000
2018080503            0.000000           20.000000         -999.000000           -0.010000            7.300000
2018080504            0.000000           20.000000         -999.000000           -0.010000            7.300000
2018080505            0.000000           20.000000         -999.000000           -0.010000            7.300000
2018080506            0.000000           20.000000         -999.000000           -0.010000            7.300000
2018080507            0.000000           20.000000         -999.000000           -0.010000            7.300000
2018080508            0.000000           20.000000         -999.000000           -0.010000            7.300000
2018080509            0.000000           20.000000         -999.000000           -0.010000            7.300000
2018080510            0.000000           20.000000         -999.000000           -0.010000            7.300000
2018080511            0.000000           20.000000         -999.000000           -0.010000            7.300000
2018080512            0.000000           20.000000         -999.000000           -0.010000            7.300000
2018080513            0.000000           20.000000         -999.000000           -0.010000            7.300000
2018080514            0.000000           20.000000         -999.000000           -0.010000            7.300000
2018080515            0.000000           20.000000         -999.000000           -0.010000            7.300000
2018080516            0.000000           20.000000         -999.000000           -0.010000            7.300000
2018080517            0.000000           20.000000         -999.000000           -0.010000            7.300000
2018080518            0.000000           20.000000         -999.000000           -0.010000            7.300000
2018080519            0.000000           20.000000         -999.000000           -0.010000            7.300000
2018080520            0.000000           20.000000         -999.000000           -0.010000            7.300000
2018080521            0.000000           20.000000         -999.000000           -0.010000            7.300000
2018080522            0.000000           20.000000         -999.000000           -0.010000            7.300000
2018080523            0.000000           20.000000         -999.000000           -0.010000            7.300000
2018080524            0.000000           20.000000         -999.000000           -0.010000            7.300000
2018080601            0.000000           20.000000         -999.000000           -0.010000            7.300000
2018080602            0.000000           20.000000         -999.000000           -0.010000            7.300000
2018080603            0.000000           20.000000         -999.000000           -0.010000            7.300000
2018080604            0.000000           20.000000         -999.000000           -0.010000            7.300000
2018080605            0.000000           20.000000         -999.000000           -0.010000            7.300000
2018080606            0.000000           20.000000         -999.000000           -0.010000            7.300000
2018080607            0.000000           20.000000         -999.000000           -0.010000            7.300000
2018080608            0.000000           20.000000         -999.000000           -0.010000            7.300000
2018080609            0.000000           20.000000         -999.000000           -0.010000            7.300000
2018080610            0.000000           20.000000         -999.000000           -0.010000            7.300000
2018080611            0.000000           20.000000         -999.000000           -0.010000            7.300000
2018080612            0.000000           20.000000         -999.000000           -0.010000            7.300000
2018080613            0.000000           20.000000         -999.000000           -0.010000            7.300000
2018080614            0.000000           20.000000         -999.000000           -0.010000            7.300000
2018080615            0.000000           20.000000         -999.000000           -0.010000            7.300000
2018080616            0.000000           20.000000         -999.000000           -0.010000            7.300000
2018080617            0.000000           20.000000         -999.000000           -0.010000            7.300000
2018080618            0.000000           20.000000         -999.000000           -0.010000            7.300000
2018080619            0.000000           20.000000         -999.000000           -0.010000            7.300000
2018080620            0.000000           20.000000         -999.000000           -0.010000            7.300000
2018080621            0.000000           20.000000         -999.000000           -0.010000            7.300000
2018080622            0.000000           20.000000         -999.000000           -0.010000            7.300000
2018080623            0.000000           20.000000         -999.000000           -0.010000            7.300000
2018080624            0.000000           20.000000         -999.000000           -0.010000            7.300000
2018080701            0.000000           20.000000         -999.000000           -0.010000            7.300000
2018080702            0.000000           20.000000         -999.000000           -0.010000            7.300000
2018080703            0.000000           20.000000         -999.000000           -0.010000            7.300000
2018080704            0.000000           20.000000         -999.000000           -0.010000            7.300000
2018080705            0.000000           20.000000         -999.000000           -0.010000            7.300000
2018080706            0.000000           20.000000         -999.000000           -0.010000            7.300000
2018080707            0.000000           20.000000         -999.000000           -0.010000            7.300000
2018080708            0.000000           20.000000         -999.000000           -0.010000            7.300000
2018080709            0.000000           20.000000         -999.000000           -0.010000            7.300000
2018080710            0.000000           20.000000         -999.000000           -0.010000            7.300000
2018080711            0.000000           20.000000         -999.000000           -0.010000            7.300000
2018080712            0.000000           20.000000         -999.000000           -0.010000            7.300000
2018080713            0.000000           20.000000         -999.000000           -0.010000            7.300000
2018080714            0.000000           20.000000         -999.000000           -0.010000            7.300000
2018080715            0.000000           20.000000         -999.000000           -0.010000            7.300000
2018080716            0.000000           20.000000         -999.000000           -0.010000            7.300000
2018080717            0.000000           20.000000         -999.000000           -0.010000            7.300000
2018080718            0.000000           20.000000         -999.000000           -0.010000            7.300000
2018080719            0.000000           20.000000         -999.000000           -0.010000            7.300000
2018080720            0.000000           20.000000         -999.000000           -0.010000            7.300000
2018080721            0.000000           20.000000         -999.000000           -0.010000            7.300000
2018080722            0.000000           20.000000         -999.000000           -0.010000            7.300000
2018080723            0.000000           20.000000         -999.000000           -0.010000            7.300000
2018080724            0.000000           20.000000         -999.000000           -0.010000            7.300000
